1	I	0	496
2	B	42	27
3	B	83	27
4	B	125	27
5	P	167	28
6	B	208	27
7	B	250	28
8	B	292	27
9	P	333	30
10	B	375	27
11	B	417	28
12	B	458	27
13	P	500	30
14	B	542	67
15	B	583	1208
16	B	625	8857
17	P	667	15148
18	P	708	22927
19	P	750	29016
20	P	792	34363
21	P	833	38110
22	P	875	42676
23	P	917	47238
24	P	958	46828
25	P	1000	47796
26	P	1042	50625
27	P	1083	53719
28	P	1125	54527
29	P	1167	50108
30	P	1208	61948
31	P	1250	54627
32	P	1292	83995
33	I	1333	101250
34	B	1375	25456
35	P	1417	46904
36	P	1458	48202
37	P	1500	62686
38	B	1542	25764
39	P	1583	50579
40	B	1625	31307
41	P	1667	58654
42	B	1708	29522
43	P	1750	57149
44	P	1792	44896
45	P	1833	46153
46	P	1875	46407
47	P	1917	43711
48	P	1958	44460
49	P	2000	46396
50	P	2042	40342
51	P	2083	40631
52	P	2125	46951
53	P	2167	56944
54	P	2208	43995
55	P	2250	43052
56	P	2292	47171
57	P	2333	48314
58	P	2375	49405
59	P	2417	47408
60	P	2458	47637
61	P	2500	44697
62	P	2542	45133
63	P	2583	42874
64	P	2625	39193
65	I	2667	88178
66	P	2708	36588
67	P	2750	34082
68	P	2792	34048
69	P	2833	33515
70	P	2875	33601
71	P	2917	32685
72	P	2958	32934
73	P	3000	35548
74	P	3042	33145
75	P	3083	32503
76	P	3125	31079
77	P	3167	33109
78	P	3208	33359
79	P	3250	32137
80	P	3292	26170
81	I	3333	45149
82	P	3375	30837
83	P	3417	34317
84	P	3458	37093
85	P	3500	36487
86	P	3542	36605
87	P	3583	39197
88	P	3625	52167
89	P	3667	43233
90	P	3708	37063
91	P	3750	38636
92	P	3792	38362
93	P	3833	37024
94	P	3875	48660
95	P	3917	41173
96	P	3958	44876
97	I	4000	53636
98	P	4042	42708
99	P	4083	32284
100	P	4125	41935
101	P	4167	38042
102	P	4208	48078
103	P	4250	36837
104	P	4292	46270
105	P	4333	36249
106	P	4375	34970
107	P	4417	34325
108	P	4458	37073
109	P	4500	50362
110	P	4542	40362
111	P	4583	49175
112	P	4625	41528
113	P	4667	56728
114	P	4708	42340
115	P	4750	53853
116	P	4792	48127
117	P	4833	34671
118	I	4875	106346
119	B	4917	32910
120	B	4958	54894
121	B	5000	29449
122	P	5042	80521
123	B	5083	40937
124	B	5125	45644
125	P	5167	78197
126	B	5208	37528
127	P	5250	52535
128	P	5292	39680
129	P	5333	79226
130	P	5375	63401
131	P	5417	56754
132	P	5458	65857
133	P	5500	46357
134	P	5542	50128
135	P	5583	58241
136	P	5625	63303
137	P	5667	51918
138	P	5708	54429
139	P	5750	41276
140	P	5792	55335
141	P	5833	58247
142	P	5875	44887
143	P	5917	57180
144	P	5958	41809
145	P	6000	33773
146	P	6042	57869
147	I	6083	59611
148	P	6125	42500
149	P	6167	45013
150	B	6208	17733
151	P	6250	33004
152	B	6292	21507
153	P	6333	50822
154	B	6375	19252
155	P	6417	44759
156	B	6458	23622
157	P	6500	53666
158	B	6542	17297
159	P	6583	46153
160	B	6625	34952
161	P	6667	75397
162	B	6708	27550
163	P	6750	66833
164	B	6792	18053
165	P	6833	45429
166	B	6875	21735
167	P	6917	54787
168	B	6958	20967
169	P	7000	57886
170	B	7042	22449
171	P	7083	51979
172	B	7125	14694
173	P	7167	59194
174	B	7208	25172
175	P	7250	55151
176	B	7292	25009
177	P	7333	55506
178	P	7375	51211
179	I	7417	99349
180	B	7458	21283
181	P	7500	44762
182	B	7542	20696
183	P	7583	51618
184	B	7625	26249
185	P	7667	43299
186	I	7708	69966
187	B	7750	8611
188	P	7792	27441
189	B	7833	8773
190	P	7875	42912
191	B	7917	12354
192	P	7958	56723
193	B	8000	14244
194	P	8042	52565
195	B	8083	15096
196	P	8125	56774
197	B	8167	30765
198	P	8208	87011
199	P	8250	54687
200	P	8292	52929
201	B	8333	10913
202	B	8375	19742
203	P	8417	72714
204	B	8458	15044
205	B	8500	24189
206	P	8542	83351
207	B	8583	26028
208	P	8625	85319
209	B	8667	15652
210	P	8708	52704
211	I	8750	120887
212	B	8792	10583
213	B	8833	27554
214	B	8875	12692
215	P	8917	69363
216	B	8958	13023
217	B	9000	21198
218	B	9042	13651
219	P	9083	72602
220	B	9125	15491
221	B	9167	27194
222	B	9208	16261
223	P	9250	74267
224	B	9292	10391
225	B	9333	34549
226	B	9375	12697
227	P	9417	90173
228	B	9458	17166
229	B	9500	29621
230	B	9542	11914
231	P	9583	80903
232	B	9625	6111
233	B	9667	27664
234	B	9708	17472
235	P	9750	83778
236	B	9792	18543
237	B	9833	31292
238	B	9875	18764
239	P	9917	80026
240	B	9958	15263
241	B	10000	37383
242	P	10042	46307
243	I	10083	140144
244	B	10125	22518
245	B	10167	41647
246	B	10208	20402
247	P	10250	70614
248	B	10292	24672
249	B	10333	43952
250	B	10375	18297
251	P	10417	50219
252	I	10458	75915
253	P	10500	33409
254	B	10542	25862
255	P	10583	40397
256	P	10625	35678
257	P	10667	67357
258	P	10708	37159
259	P	10750	41291
260	P	10792	46056
261	P	10833	46290
262	B	10875	18180
263	P	10917	43125
264	P	10958	48074
265	P	11000	50687
266	B	11042	31511
267	B	11083	24481
268	P	11125	55389
269	P	11167	41461
270	P	11208	41638
271	P	11250	43861
272	P	11292	59341
273	B	11333	25018
274	P	11375	45999
275	I	11417	91259
276	B	11458	16062
277	P	11500	32058
278	P	11542	33457
279	B	11583	16817
280	P	11625	45350
281	P	11667	40445
282	P	11708	37338
283	P	11750	44350
284	P	11792	39125
285	P	11833	35087
286	I	11875	61238
287	P	11917	49126
288	P	11958	42999
289	P	12000	40119
290	P	12042	30711
291	P	12083	42656
292	P	12125	49039
293	P	12167	32826
294	P	12208	41467
295	P	12250	42348
296	P	12292	45842
297	P	12333	43838
298	P	12375	28263
299	P	12417	38097
300	P	12458	32389
301	P	12500	58741
302	P	12542	41002
303	P	12583	27080
304	P	12625	38251
305	P	12667	50964
306	P	12708	40906
307	I	12750	57080
308	P	12792	30366
309	P	12833	33859
310	P	12875	43410
311	P	12917	49277
312	P	12958	35417
313	B	13000	16152
314	P	13042	33467
315	P	13083	63642
316	P	13125	50230
317	P	13167	46367
318	P	13208	35800
319	P	13250	47072
320	P	13292	50701
321	P	13333	41583
322	P	13375	38398
323	P	13417	34167
324	P	13458	33979
325	P	13500	47476
326	P	13542	34610
327	P	13583	45777
328	P	13625	34204
329	P	13667	38038
330	P	13708	33957
331	P	13750	48533
332	P	13792	44697
333	P	13833	43390
334	P	13875	34081
335	P	13917	44818
336	I	13958	81949
337	B	14000	6844
338	P	14042	41961
339	B	14083	10950
340	P	14125	49301
341	B	14167	34118
342	P	14208	76942
343	B	14250	30682
344	P	14292	68737
345	B	14333	22870
346	P	14375	67592
347	B	14417	12209
348	P	14458	51086
349	B	14500	14632
350	P	14542	52890
351	B	14583	13479
352	P	14625	62403
353	B	14667	16014
354	P	14708	52212
355	P	14750	65507
356	P	14792	64225
357	P	14833	55845
358	P	14875	46851
359	P	14917	43299
360	P	14958	51356
361	P	15000	61912
362	P	15042	34149
363	P	15083	47892
364	P	15125	45112
365	P	15167	45294
366	P	15208	43329
367	I	15250	54449
368	P	15292	48327
369	P	15333	53093
370	I	15375	65894
371	P	15417	57115
372	P	15458	66485
373	P	15500	58711
374	P	15542	62213
375	I	15583	66705
376	P	15625	46495
377	P	15667	44958
378	P	15708	37926
379	P	15750	32742
380	P	15792	25335
381	P	15833	13134
382	P	15875	15278
383	P	15917	13069
384	B	15958	1039
385	B	16000	501
386	B	16042	164
387	P	16083	74
388	B	16125	27
389	B	16167	28
390	B	16208	27
391	P	16250	33
392	B	16292	27
393	B	16333	31
394	B	16375	27
395	P	16417	31
396	B	16458	27
397	B	16500	27
398	P	16542	32
399	I	16583	205
400	B	16625	618
401	B	16667	3051
402	B	16708	6807
403	P	16750	9653
404	P	16792	15484
405	P	16833	14995
406	P	16875	22278
407	P	16917	21067
408	P	16958	29721
409	P	17000	28725
410	P	17042	33150
411	P	17083	33192
412	P	17125	38544
413	P	17167	51908
414	P	17208	46318
415	P	17250	49471
416	B	17292	32152
417	P	17333	45245
418	B	17375	33932
419	P	17417	41429
420	B	17458	32810
421	P	17500	44590
422	B	17542	33055
423	P	17583	43515
424	B	17625	44214
425	P	17667	59831
426	P	17708	37325
427	B	17750	42739
428	P	17792	62130
429	B	17833	34300
430	P	17875	64005
431	I	17917	74025
432	B	17958	28856
433	P	18000	40356
434	B	18042	31596
435	P	18083	39315
436	B	18125	40712
437	P	18167	58900
438	B	18208	31841
439	P	18250	58253
440	B	18292	38731
441	P	18333	51097
442	B	18375	33642
443	P	18417	38907
444	P	18458	29865
445	I	18500	88652
446	B	18542	28682
447	B	18583	30070
448	B	18625	39848
449	P	18667	87934
450	B	18708	46680
451	B	18750	60652
452	B	18792	35689
453	P	18833	72136
454	B	18875	36841
455	B	18917	38955
456	P	18958	64349
457	B	19000	53580
458	B	19042	74004
459	B	19083	41962
460	P	19125	89599
461	B	19167	55171
462	P	19208	59126
463	I	19250	113610
464	P	19292	1533
465	P	19333	67426
466	I	19375	99284
467	P	19417	70328
468	P	19458	59829
469	P	19500	59991
470	P	19542	39587
471	P	19583	49952
472	P	19625	39194
473	P	19667	35779
474	P	19708	38906
475	I	19750	77294
476	P	19792	67076
477	P	19833	55958
478	B	19875	39872
479	P	19917	53230
480	P	19958	58651
481	P	20000	38004
482	P	20042	57153
483	P	20083	47936
484	P	20125	59089
485	P	20167	49114
486	P	20208	56413
487	P	20250	60188
488	B	20292	38791
489	P	20333	63030
490	B	20375	29853
491	P	20417	63203
492	B	20458	27848
493	P	20500	55657
494	P	20542	45273
495	I	20583	97593
496	B	20625	29313
497	P	20667	60979
498	B	20708	28359
499	P	20750	46969
500	P	20792	36382
501	I	20833	52413
502	P	20875	31733
503	P	20917	35091
504	P	20958	41209
505	P	21000	35786
506	P	21042	41202
507	P	21083	37449
508	P	21125	40239
509	P	21167	33462
510	P	21208	43530
511	P	21250	36226
512	P	21292	35076
513	I	21333	43482
514	P	21375	33378
515	P	21417	31747
516	I	21458	37720
517	P	21500	28593
518	P	21542	24136
519	P	21583	26380
520	P	21625	24615
521	P	21667	23501
522	P	21708	26902
523	P	21750	18053
524	P	21792	15266
525	P	21833	14310
526	P	21875	15859
527	P	21917	15841
528	P	21958	18141
529	P	22000	24222
530	P	22042	24911
531	P	22083	23913
532	P	22125	27052
533	P	22167	28108
534	P	22208	26337
535	P	22250	30371
536	P	22292	28091
537	P	22333	43540
538	P	22375	42795
539	P	22417	44128
540	P	22458	41209
541	P	22500	37509
542	P	22542	36125
543	P	22583	37294
544	I	22625	38580
545	I	22667	51513
546	B	22708	26564
547	P	22750	34496
548	P	22792	33549
549	P	22833	34325
550	P	22875	36698
551	P	22917	40167
552	P	22958	40589
553	P	23000	39359
554	P	23042	40605
555	P	23083	38013
556	P	23125	35664
557	P	23167	32892
558	P	23208	29586
559	P	23250	28872
560	P	23292	30237
561	I	23333	83855
562	P	23375	36862
563	P	23417	40203
564	P	23458	49950
565	P	23500	70968
566	P	23542	52936
567	P	23583	47410
568	P	23625	46888
569	P	23667	41772
570	P	23708	60157
571	P	23750	45876
572	P	23792	40065
573	P	23833	39919
574	P	23875	52372
575	P	23917	38925
576	P	23958	43533
577	P	24000	35860
578	P	24042	33897
579	P	24083	33109
580	P	24125	32395
581	P	24167	29036
582	P	24208	20864
583	P	24250	19176
584	P	24292	17379
585	P	24333	24311
586	P	24375	24944
587	P	24417	28056
588	P	24458	30941
589	P	24500	30134
590	P	24542	34861
591	P	24583	37488
592	I	24625	43269
593	P	24667	34505
594	P	24708	33313
595	P	24750	32329
596	P	24792	32933
597	I	24833	90762
598	B	24875	43775
599	P	24917	59644
600	B	24958	34590
601	P	25000	51855
602	P	25042	66969
603	P	25083	65112
604	P	25125	47948
605	P	25167	48667
606	P	25208	71024
607	P	25250	34547
608	P	25292	48584
609	P	25333	73764
610	I	25375	75571
611	P	25417	61436
612	P	25458	55213
613	P	25500	50926
614	P	25542	49697
615	P	25583	50541
616	P	25625	53564
617	P	25667	66906
618	P	25708	56730
619	P	25750	55808
620	P	25792	56844
621	P	25833	52823
622	P	25875	49542
623	P	25917	46468
624	P	25958	41124
625	I	26000	41925
626	P	26042	33898
627	I	26083	46229
628	P	26125	37330
629	P	26167	33463
630	P	26208	31319
631	P	26250	37515
632	P	26292	44391
633	P	26333	48335
634	P	26375	45514
635	P	26417	49055
636	P	26458	51930
637	P	26500	42795
638	P	26542	45460
639	P	26583	42593
640	P	26625	33829
641	P	26667	28264
642	I	26708	58995
643	P	26750	43569
644	P	26792	34171
645	I	26833	53129
646	P	26875	33859
647	P	26917	37287
648	P	26958	43101
649	P	27000	45394
650	P	27042	47201
651	P	27083	42769
652	P	27125	60036
653	P	27167	51311
654	P	27208	47168
655	I	27250	69556
656	B	27292	25435
657	P	27333	44068
658	P	27375	42916
659	P	27417	42424
660	P	27458	39713
661	P	27500	44173
662	P	27542	43701
663	P	27583	39696
664	P	27625	36432
665	P	27667	32083
666	P	27708	30192
667	P	27750	33524
668	P	27792	37972
669	P	27833	38611
670	P	27875	33779
671	I	27917	46918
672	P	27958	41674
673	P	28000	36988
674	P	28042	31385
675	P	28083	30087
676	P	28125	32055
677	P	28167	34434
678	P	28208	36872
679	P	28250	39391
680	P	28292	40940
681	P	28333	40746
682	P	28375	42059
683	P	28417	43628
684	P	28458	47243
685	P	28500	49784
686	P	28542	67900
687	P	28583	57305
688	P	28625	75687
689	P	28667	60860
690	B	28708	39666
691	P	28750	57857
692	P	28792	52240
693	P	28833	41553
694	I	28875	67747
695	B	28917	20692
696	P	28958	39161
697	B	29000	20920
698	P	29042	41193
699	B	29083	18432
700	P	29125	38381
701	B	29167	33320
702	P	29208	60088
703	P	29250	50682
704	B	29292	25671
705	P	29333	46606
706	P	29375	41554
707	B	29417	17848
708	P	29458	33714
709	P	29500	28646
710	P	29542	31323
711	I	29583	83516
712	P	29625	32988
713	P	29667	61413
714	P	29708	51097
715	P	29750	43943
716	P	29792	54254
717	P	29833	48277
718	B	29875	16218
719	P	29917	45843
720	B	29958	16657
721	P	30000	57370
722	B	30042	27818
723	P	30083	46854
724	P	30125	61237
725	P	30167	53130
726	P	30208	45638
727	P	30250	59044
728	P	30292	37814
729	P	30333	26749
730	P	30375	40220
731	P	30417	43542
732	P	30458	35683
733	P	30500	42550
734	P	30542	43183
735	I	30583	53601
736	P	30625	37326
737	P	30667	50530
738	P	30708	30636
739	I	30750	71526
740	P	30792	40442
741	B	30833	15179
742	P	30875	28656
743	P	30917	47530
744	P	30958	49353
745	P	31000	48216
746	P	31042	45122
747	P	31083	46932
748	P	31125	41702
749	P	31167	34569
750	P	31208	42662
751	P	31250	47171
752	P	31292	45548
753	P	31333	46685
754	P	31375	39005
755	P	31417	44431
756	P	31458	44184
757	P	31500	35625
758	I	31542	60307
759	P	31583	36685
760	P	31625	37976
761	P	31667	42001
762	P	31708	38145
763	P	31750	33911
764	P	31792	42695
765	P	31833	18797
766	P	31875	29135
767	P	31917	28484
768	P	31958	25045
769	P	32000	32396
770	P	32042	28132
771	I	32083	58663
772	P	32125	44984
773	P	32167	40912
774	P	32208	43222
775	P	32250	33753
776	I	32292	44039
777	P	32333	32653
778	P	32375	38341
779	P	32417	36800
780	P	32458	31883
781	P	32500	33337
782	P	32542	31597
783	P	32583	37146
784	P	32625	33251
785	P	32667	31924
786	P	32708	30499
787	P	32750	31706
788	P	32792	33513
789	P	32833	34834
790	P	32875	38821
791	P	32917	40431
792	P	32958	43924
793	P	33000	40871
794	P	33042	41009
795	I	33083	56889
796	P	33125	40719
797	P	33167	43658
798	P	33208	47578
799	P	33250	43988
800	P	33292	44214
801	P	33333	55034
802	P	33375	57185
803	P	33417	48413
804	P	33458	48465
805	P	33500	43201
806	P	33542	40077
807	P	33583	45843
808	P	33625	39986
809	P	33667	40320
810	B	33708	24598
811	P	33750	38424
812	P	33792	30300
813	I	33833	80045
814	B	33875	19437
815	P	33917	34659
816	P	33958	36119
817	P	34000	56337
818	P	34042	45881
819	P	34083	45439
820	P	34125	35570
821	P	34167	31710
822	P	34208	30636
823	P	34250	31763
824	P	34292	31129
825	P	34333	32918
826	P	34375	33616
827	P	34417	32344
828	P	34458	36252
829	P	34500	34174
830	P	34542	33448
831	P	34583	41013
832	P	34625	31739
833	I	34667	59621
834	P	34708	28551
835	P	34750	30802
836	B	34792	23589
837	P	34833	30845
838	P	34875	30280
839	P	34917	54822
840	P	34958	42731
841	P	35000	35034
842	I	35042	96887
843	B	35083	25333
844	B	35125	45824
845	B	35167	19569
846	P	35208	67742
847	B	35250	41729
848	P	35292	78514
849	P	35333	66955
850	P	35375	47406
851	P	35417	53946
852	B	35458	34394
853	P	35500	47884
854	P	35542	63997
855	P	35583	45321
856	P	35625	54278
857	I	35667	63053
858	P	35708	33985
859	P	35750	50226
860	P	35792	52749
861	P	35833	54118
862	B	35875	21111
863	P	35917	49650
864	B	35958	21442
865	P	36000	54700
866	B	36042	17610
867	P	36083	60319
868	B	36125	29228
869	B	36167	269
870	B	36208	46
871	P	36250	34
872	B	36292	27
873	B	36333	28
874	B	36375	27
875	P	36417	30
876	B	36458	27
877	B	36500	28
878	B	36542	27
879	P	36583	30
880	B	36625	27
881	B	36667	28
882	B	36708	27
883	P	36750	30
884	B	36792	27
885	B	36833	28
886	B	36875	27
887	P	36917	30
888	P	36958	30
889	I	37000	170
890	B	37042	27
891	B	37083	27
892	B	37125	27
893	P	37167	28
894	B	37208	27
895	B	37250	28
896	B	37292	27
897	P	37333	30
898	B	37375	27
899	B	37417	28
900	B	37458	27
901	P	37500	30
902	B	37542	27
903	B	37583	28
904	B	37625	27
905	P	37667	30
906	B	37708	27
907	B	37750	28
908	B	37792	27
909	P	37833	30
910	B	37875	27
911	B	37917	28
912	B	37958	27
913	P	38000	30
914	B	38042	27
915	B	38083	28
916	B	38125	27
917	P	38167	30
918	B	38208	27
919	B	38250	27
920	P	38292	30
921	I	38333	170
922	B	38375	27
923	B	38417	27
924	B	38458	27
925	P	38500	28
926	B	38542	27
927	B	38583	126
928	B	38625	1772
929	P	38667	11624
930	P	38708	19049
931	P	38750	32347
932	P	38792	38353
933	P	38833	50514
934	P	38875	54179
935	P	38917	63369
936	P	38958	64908
937	P	39000	67491
938	P	39042	67578
939	P	39083	77348
940	B	39125	53439
941	P	39167	93071
942	P	39208	97032
943	B	39250	50131
944	P	39292	98194
945	B	39333	35897
946	P	39375	84577
947	B	39417	35585
948	P	39458	88335
949	B	39500	35529
950	B	39542	34270
951	P	39583	80113
952	P	39625	41706
953	I	39667	128022
954	B	39708	42060
955	P	39750	89966
956	B	39792	43128
957	P	39833	91522
958	B	39875	23133
959	P	39917	68042
960	B	39958	18290
961	B	40000	13903
962	P	40042	56473
963	B	40083	16479
964	P	40125	56364
965	B	40167	22787
966	P	40208	77657
967	B	40250	20728
968	B	40292	28983
969	P	40333	74361
970	B	40375	22316
971	P	40417	70489
972	B	40458	19996
973	B	40500	26358
974	P	40542	81935
975	B	40583	17407
976	B	40625	23692
977	P	40667	76984
978	B	40708	17731
979	B	40750	22608
980	P	40792	80574
981	B	40833	18369
982	B	40875	25546
983	P	40917	84717
984	P	40958	50400
985	I	41000	138067
986	B	41042	12955
987	B	41083	27864
988	B	41125	16605
989	P	41167	62122
990	B	41208	16100
991	B	41250	17844
992	P	41292	69370
993	B	41333	14967
994	B	41375	20661
995	P	41417	77767
996	B	41458	17707
997	B	41500	41756
998	B	41542	19706
999	P	41583	82340
1000	B	41625	20455
1001	B	41667	33936
1002	B	41708	16293
1003	P	41750	62766
1004	B	41792	15102
1005	P	41833	32839
1006	I	41875	63750
1007	P	41917	30435
1008	P	41958	44899
1009	B	42000	26352
1010	P	42042	51256
1011	P	42083	41079
1012	P	42125	44709
1013	P	42167	48584
1014	P	42208	42107
1015	P	42250	43238
1016	B	42292	33789
1017	P	42333	71439
1018	P	42375	49667
1019	B	42417	28186
1020	P	42458	50563
1021	B	42500	28191
1022	P	42542	49095
1023	B	42583	27597
1024	P	42625	40926
1025	P	42667	55617
1026	B	42708	18681
1027	P	42750	43241
1028	B	42792	18319
1029	P	42833	47513
1030	B	42875	19831
1031	P	42917	47543
1032	B	42958	32970
1033	P	43000	80617
1034	P	43042	50796
1035	B	43083	29770
1036	P	43125	77979
1037	P	43167	36910
1038	I	43208	105868
1039	P	43250	60911
1040	B	43292	22845
1041	P	43333	48736
1042	P	43375	27621
1043	I	43417	71589
1044	B	43458	18459
1045	B	43500	36659
1046	B	43542	30902
1047	P	43583	72184
1048	B	43625	29615
1049	B	43667	47387
1050	B	43708	33059
1051	P	43750	69770
1052	B	43792	26039
1053	B	43833	40503
1054	B	43875	21505
1055	P	43917	59565
1056	B	43958	24864
1057	B	44000	39566
1058	B	44042	22698
1059	P	44083	64089
1060	B	44125	23378
1061	B	44167	43079
1062	B	44208	28714
1063	P	44250	66707
1064	B	44292	27406
1065	B	44333	40350
1066	B	44375	29793
1067	P	44417	49829
1068	P	44458	24892
1069	I	44500	33010
1070	B	44542	9712
1071	B	44583	16475
1072	B	44625	9524
1073	P	44667	24011
1074	B	44708	12762
1075	B	44750	19256
1076	B	44792	12569
1077	P	44833	27793
1078	B	44875	16003
1079	B	44917	18626
1080	B	44958	12903
1081	P	45000	25892
1082	B	45042	13483
1083	B	45083	19387
1084	B	45125	13773
1085	P	45167	27773
1086	B	45208	14082
1087	B	45250	21751
1088	B	45292	14677
1089	P	45333	30759
1090	B	45375	16745
1091	B	45417	19423
1092	B	45458	13279
1093	P	45500	27067
1094	B	45542	13549
1095	B	45583	19523
1096	B	45625	14019
1097	P	45667	27203
1098	B	45708	13673
1099	B	45750	18880
1100	P	45792	21900
1101	I	45833	42695
1102	B	45875	15374
1103	B	45917	20369
1104	B	45958	17628
1105	P	46000	26497
1106	B	46042	16383
1107	B	46083	20734
1108	B	46125	16150
1109	P	46167	22051
1110	B	46208	15984
1111	B	46250	19796
1112	B	46292	13605
1113	P	46333	15599
1114	B	46375	10119
1115	P	46417	7866
1116	B	46458	1976
1117	B	46500	105
1118	P	46542	187
1119	B	46583	1435
1120	B	46625	3341
1121	B	46667	4283
1122	P	46708	6554
1123	B	46750	5370
1124	P	46792	8862
1125	B	46833	7870
1126	B	46875	8597
1127	P	46917	13188
1128	B	46958	9788
1129	B	47000	13881
1130	B	47042	11091
1131	P	47083	17806
1132	P	47125	12715
1133	I	47167	21225
1134	B	47208	12292
1135	B	47250	17752
1136	B	47292	12729
1137	P	47333	22458
1138	B	47375	14164
1139	B	47417	16105
1140	B	47458	12851
1141	P	47500	24189
1142	B	47542	10717
1143	B	47583	14279
1144	B	47625	11216
1145	P	47667	20265
1146	B	47708	10663
1147	B	47750	15445
1148	B	47792	11706
1149	P	47833	20947
1150	B	47875	13169
1151	B	47917	16609
1152	B	47958	13372
1153	P	48000	23575
1154	B	48042	9855
1155	B	48083	13083
1156	B	48125	10094
1157	P	48167	17488
1158	B	48208	9634
1159	B	48250	13989
1160	B	48292	9635
1161	P	48333	18855
1162	B	48375	9519
1163	B	48417	12767
1164	P	48458	14144
1165	I	48500	26209
1166	B	48542	6082
1167	B	48583	6922
1168	B	48625	126
1169	P	48667	31
1170	B	48708	27
1171	B	48750	28
1172	B	48792	27
1173	P	48833	30
1174	B	48875	78
1175	B	48917	177
1176	P	48958	3911
1177	P	49000	11394
1178	P	49042	16090
1179	P	49083	21074
1180	P	49125	24147
1181	I	49167	30033
1182	P	49208	41734
1183	P	49250	39690
1184	I	49292	58158
1185	P	49333	49866
1186	P	49375	63712
1187	P	49417	53099
1188	P	49458	69253
1189	P	49500	51649
1190	P	49542	41620
1191	P	49583	49000
1192	P	49625	48504
1193	P	49667	43147
1194	P	49708	70100
1195	P	49750	58083
1196	P	49792	69019
1197	P	49833	70391
1198	P	49875	72870
1199	P	49917	69534
1200	P	49958	82354
1201	P	50000	84040
1202	P	50042	67149
1203	P	50083	71848
1204	P	50125	71594
1205	P	50167	74856
1206	P	50208	76030
1207	P	50250	71018
1208	P	50292	72880
1209	P	50333	121611
1210	B	50375	23357
1211	B	50417	31625
1212	P	50458	74139
1213	B	50500	23899
1214	B	50542	31377
1215	P	50583	77795
1216	I	50625	133436
1217	B	50667	11158
1218	B	50708	36465
1219	P	50750	59148
1220	B	50792	12332
1221	B	50833	23657
1222	P	50875	72212
1223	B	50917	17982
1224	B	50958	13298
1225	P	51000	49219
1226	P	51042	40536
1227	B	51083	16512
1228	B	51125	26614
1229	P	51167	56333
1230	I	51208	93641
1231	B	51250	21651
1232	P	51292	79869
1233	P	51333	60184
1234	B	51375	16366
1235	B	51417	13984
1236	P	51458	65574
1237	B	51500	22950
1238	B	51542	42257
1239	B	51583	20330
1240	P	51625	80786
1241	B	51667	23261
1242	P	51708	61933
1243	B	51750	26443
1244	P	51792	76413
1245	P	51833	55883
1246	B	51875	18844
1247	P	51917	37081
1248	I	51958	89772
1249	I	52000	26543
1250	P	52042	23005
1251	P	52083	26296
1252	P	52125	26086
1253	P	52167	25369
1254	P	52208	26292
1255	P	52250	29038
1256	P	52292	29495
1257	P	52333	26220
1258	P	52375	24970
1259	P	52417	27848
1260	P	52458	26667
1261	P	52500	28962
1262	P	52542	27393
1263	P	52583	21797
1264	P	52625	21842
1265	P	52667	37469
1266	P	52708	61140
1267	P	52750	90847
1268	P	52792	68663
1269	I	52833	47489
1270	P	52875	24528
1271	P	52917	30442
1272	B	52958	51
1273	B	53000	51
1274	B	53042	27
1275	P	53083	34
1276	B	53125	27
1277	B	53167	28
1278	B	53208	27
1279	P	53250	30
1280	B	53292	27
1281	B	53333	28
1282	B	53375	27
1283	P	53417	30
1284	B	53458	27
1285	B	53500	28
1286	B	53542	27
1287	P	53583	30
1288	B	53625	29
1289	B	53667	110
1290	B	53708	1621
1291	P	53750	4749
1292	P	53792	11620
1293	P	53833	13858
1294	P	53875	23477
1295	P	53917	24797
1296	P	53958	35093
1297	P	54000	41422
1298	P	54042	38696
1299	P	54083	47130
1300	I	54125	61925
1301	P	54167	55052
1302	P	54208	60655
1303	P	54250	61362
1304	P	54292	69192
1305	P	54333	67871
1306	B	54375	38565
1307	P	54417	68419
1308	P	54458	41573
1309	P	54500	36812
1310	B	54542	27676
1311	P	54583	52792
1312	B	54625	23058
1313	P	54667	45592
1314	B	54708	29950
1315	P	54750	47706
1316	B	54792	35670
1317	B	54833	26537
1318	P	54875	52237
1319	B	54917	32650
1320	B	54958	29498
1321	P	55000	49944
1322	B	55042	42996
1323	P	55083	74317
1324	B	55125	35047
1325	P	55167	71413
1326	B	55208	39854
1327	P	55250	60410
1328	B	55292	46337
1329	P	55333	72694
1330	B	55375	40551
1331	P	55417	69931
1332	I	55458	81202
1333	P	55500	32539
1334	I	55542	172424
1335	B	55583	14051
1336	B	55625	40782
1337	B	55667	24328
1338	P	55708	120361
1339	B	55750	12246
1340	B	55792	42193
1341	B	55833	13757
1342	P	55875	115499
1343	B	55917	17272
1344	B	55958	24235
1345	B	56000	9656
1346	P	56042	103816
1347	B	56083	10559
1348	B	56125	26483
1349	B	56167	15797
1350	P	56208	109310
1351	B	56250	11826
1352	B	56292	37998
1353	B	56333	11222
1354	P	56375	126590
1355	B	56417	15468
1356	B	56458	26919
1357	B	56500	10346
1358	P	56542	111886
1359	B	56583	11395
1360	B	56625	26721
1361	B	56667	17377
1362	P	56708	126452
1363	P	56750	52259
1364	I	56792	203619
1365	B	56833	10696
1366	B	56875	26473
1367	B	56917	16033
1368	P	56958	93751
1369	B	57000	11372
1370	B	57042	37230
1371	B	57083	13050
1372	P	57125	110077
1373	B	57167	17007
1374	B	57208	27702
1375	B	57250	12606
1376	P	57292	101157
1377	B	57333	17025
1378	B	57375	37853
1379	B	57417	19885
1380	P	57458	105080
1381	B	57500	14100
1382	B	57542	46973
1383	B	57583	17786
1384	P	57625	95095
1385	B	57667	22614
1386	B	57708	42160
1387	B	57750	18670
1388	P	57792	68878
1389	B	57833	20269
1390	P	57875	54496
1391	B	57917	24704
1392	P	57958	49979
1393	B	58000	29319
1394	P	58042	42175
1395	P	58083	34346
1396	I	58125	36827
1397	B	58167	4343
1398	B	58208	343
1399	B	58250	39
1400	P	58292	31
1401	B	58333	30
1402	B	58375	79
1403	B	58417	1246
1404	P	58458	4445
1405	B	58500	636
1406	B	58542	837
1407	B	58583	286
1408	P	58625	2133
1409	B	58667	1219
1410	B	58708	2024
1411	B	58750	833
1412	P	58792	5024
1413	B	58833	919
1414	B	58875	1639
1415	B	58917	938
1416	P	58958	3172
1417	B	59000	1036
1418	B	59042	1580
1419	B	59083	825
1420	P	59125	3033
1421	B	59167	778
1422	B	59208	1462
1423	B	59250	740
1424	P	59292	2824
1425	B	59333	814
1426	B	59375	1554
1427	P	59417	2058
1428	I	59458	6325
1429	B	59500	1079
1430	B	59542	1519
1431	B	59583	794
1432	P	59625	2873
1433	B	59667	801
1434	B	59708	1303
1435	B	59750	702
1436	P	59792	2255
1437	B	59833	681
1438	P	59875	933
1439	I	59917	52136
1440	B	59958	42759
1441	P	60000	54225
1442	B	60042	39223
1443	P	60083	57398
1444	P	60125	67539
1445	P	60167	15219
1446	P	60208	34540
1447	P	60250	55746
1448	P	60292	112198
1449	P	60333	71072
1450	P	60375	83094
1451	P	60417	97378
1452	P	60458	75741
1453	P	60500	72439
1454	P	60542	116729
1455	P	60583	109389
1456	P	60625	107345
1457	P	60667	110762
1458	P	60708	85733
1459	I	60750	61449
1460	P	60792	28279
1461	P	60833	26566
1462	P	60875	21322
1463	P	60917	23669
1464	P	60958	18331
1465	P	61000	21015
1466	P	61042	16606
1467	P	61083	13922
1468	I	61125	44763
1469	P	61167	17856
1470	B	61208	21218
1471	P	61250	28349
1472	B	61292	32245
1473	P	61333	49015
1474	P	61375	42851
1475	P	61417	60139
1476	P	61458	44755
1477	P	61500	59783
1478	P	61542	55938
1479	P	61583	62183
1480	P	61625	56881
1481	P	61667	69189
1482	P	61708	57025
1483	P	61750	67902
1484	P	61792	58198
1485	P	61833	49468
1486	P	61875	25928
1487	P	61917	28809
1488	P	61958	30408
1489	P	62000	27731
1490	I	62042	40952
1491	P	62083	32053
1492	P	62125	32441
1493	P	62167	42856
1494	P	62208	34959
1495	P	62250	35714
1496	P	62292	33392
1497	P	62333	36742
1498	P	62375	37653
1499	P	62417	37083
1500	P	62458	38165
1501	P	62500	42816
1502	I	62542	50682
1503	B	62583	10666
1504	B	62625	27918
1505	B	62667	17604
1506	P	62708	41962
1507	B	62750	23871
1508	B	62792	30879
1509	B	62833	28654
1510	P	62875	52410
1511	B	62917	21896
1512	B	62958	35650
1513	P	63000	41941
1514	B	63042	37216
1515	P	63083	52334
1516	B	63125	28911
1517	P	63167	50304
1518	B	63208	36675
1519	P	63250	41750
1520	P	63292	36284
1521	I	63333	54217
1522	P	63375	37079
1523	B	63417	20888
1524	P	63458	29900
1525	P	63500	35393
1526	P	63542	30821
1527	P	63583	27331
1528	P	63625	37257
1529	P	63667	31647
1530	P	63708	30173
1531	P	63750	42785
1532	P	63792	38311
1533	B	63833	23360
1534	P	63875	36474
1535	B	63917	25886
1536	P	63958	32547
1537	P	64000	47355
1538	P	64042	28968
1539	B	64083	26828
1540	P	64125	38467
1541	P	64167	41064
1542	P	64208	60318
1543	P	64250	43165
1544	P	64292	38192
1545	P	64333	44199
1546	P	64375	62413
1547	P	64417	44117
1548	P	64458	45574
1549	P	64500	62100
1550	P	64542	45147
1551	B	64583	37811
1552	P	64625	61525
1553	I	64667	62810
1554	B	64708	28523
1555	P	64750	40051
1556	B	64792	29769
1557	P	64833	37684
1558	P	64875	28679
1559	I	64917	68798
1560	B	64958	31430
1561	P	65000	69549
1562	B	65042	38275
1563	P	65083	72081
1564	B	65125	41212
1565	B	65167	48244
1566	P	65208	83370
1567	B	65250	38368
1568	P	65292	67628
1569	B	65333	46876
1570	P	65375	82447
1571	B	65417	44589
1572	B	65458	60415
1573	P	65500	91556
1574	B	65542	43809
1575	B	65583	57129
1576	B	65625	35239
1577	P	65667	79359
1578	B	65708	36023
1579	B	65750	33068
1580	P	65792	62031
1581	B	65833	43577
1582	P	65875	83834
1583	B	65917	44132
1584	P	65958	85317
1585	I	66000	116164
1586	B	66042	15643
1587	P	66083	25794
1588	P	66125	25212
1589	I	66167	34479
1590	B	66208	10651
1591	B	66250	9143
1592	P	66292	15789
1593	B	66333	16001
1594	B	66375	23863
1595	B	66417	13506
1596	P	66458	28905
1597	B	66500	19078
1598	B	66542	19142
1599	P	66583	26825
1600	P	66625	26869
1601	P	66667	24884
1602	P	66708	17900
1603	B	66750	4713
1604	B	66792	2672
1605	P	66833	246
1606	I	66875	14092
1607	P	66917	14662
1608	P	66958	15412
1609	P	67000	20746
1610	B	67042	21756
1611	P	67083	25357
1612	B	67125	23851
1613	P	67167	26695
1614	I	67208	81226
1615	P	67250	65563
1616	P	67292	62010
1617	P	67333	81466
1618	P	67375	71855
1619	P	67417	70432
1620	P	67458	59013
1621	P	67500	61793
1622	P	67542	45909
1623	P	67583	42727
1624	P	67625	33497
1625	P	67667	30182
1626	P	67708	26917
1627	P	67750	22174
1628	P	67792	29653
1629	P	67833	15138
1630	P	67875	8646
1631	P	67917	9581
1632	P	67958	25767
1633	P	68000	23834
1634	P	68042	22236
1635	P	68083	27892
1636	P	68125	36428
1637	I	68167	51258
1638	P	68208	37518
1639	B	68250	31644
1640	P	68292	35697
1641	I	68333	20253
1642	P	68375	16326
1643	P	68417	15976
1644	P	68458	21074
1645	P	68500	19976
1646	P	68542	16287
1647	P	68583	16423
1648	P	68625	20841
1649	P	68667	17770
1650	P	68708	16424
1651	P	68750	22265
1652	P	68792	17278
1653	P	68833	15395
1654	P	68875	14566
1655	P	68917	14042
1656	P	68958	13541
1657	P	69000	19347
1658	P	69042	14866
1659	P	69083	13022
1660	P	69125	14146
1661	P	69167	19140
1662	P	69208	16101
1663	P	69250	19477
1664	P	69292	17631
1665	P	69333	24721
1666	P	69375	36742
1667	P	69417	42318
1668	I	69458	57790
1669	P	69500	49623
1670	P	69542	46123
1671	P	69583	44530
1672	P	69625	43516
1673	P	69667	40891
1674	P	69708	47555
1675	P	69750	39357
1676	B	69792	29900
1677	P	69833	38634
1678	B	69875	32474
1679	P	69917	40917
1680	P	69958	50332
1681	P	70000	46218
1682	P	70042	53911
1683	P	70083	49581
1684	P	70125	49642
1685	B	70167	31416
1686	P	70208	53889
1687	P	70250	61308
1688	P	70292	72116
1689	P	70333	59862
1690	P	70375	66111
1691	P	70417	66991
1692	P	70458	68856
1693	P	70500	63455
1694	P	70542	81446
1695	P	70583	77147
1696	P	70625	82771
1697	P	70667	77166
1698	B	70708	28844
1699	P	70750	73804
1700	I	70792	109758
1701	P	70833	70079
1702	P	70875	58369
1703	B	70917	52488
1704	B	70958	135
1705	B	71000	27
1706	P	71042	38
1707	B	71083	27
1708	B	71125	109
1709	B	71167	109
1710	P	71208	5418
1711	P	71250	19239
1712	P	71292	30964
1713	P	71333	41777
1714	P	71375	55619
1715	P	71417	57185
1716	P	71458	54742
1717	P	71500	77956
1718	P	71542	78892
1719	B	71583	34445
1720	B	71625	54386
1721	B	71667	29943
1722	P	71708	83725
1723	B	71750	26449
1724	B	71792	47155
1725	B	71833	33649
1726	P	71875	83345
1727	B	71917	34058
1728	B	71958	47045
1729	B	72000	28583
1730	P	72042	70491
1731	P	72083	39939
1732	I	72125	111708
1733	B	72167	29955
1734	B	72208	46461
1735	B	72250	29729
1736	P	72292	60988
1737	B	72333	21934
1738	B	72375	35756
1739	P	72417	45271
1740	I	72458	86290
1741	B	72500	20721
1742	B	72542	46813
1743	B	72583	26314
1744	P	72625	78658
1745	B	72667	25081
1746	B	72708	51459
1747	B	72750	35169
1748	P	72792	88838
1749	B	72833	23238
1750	B	72875	39377
1751	P	72917	82562
1752	B	72958	25635
1753	B	73000	41281
1754	B	73042	24619
1755	P	73083	67191
1756	B	73125	24473
1757	B	73167	38849
1758	B	73208	18664
1759	P	73250	63599
1760	B	73292	21530
1761	B	73333	37877
1762	B	73375	16436
1763	P	73417	56478
1764	I	73458	91826
1765	I	73500	23653
1766	P	73542	26387
1767	P	73583	22168
1768	P	73625	24241
1769	P	73667	28662
1770	P	73708	24375
1771	P	73750	24379
1772	P	73792	23254
1773	P	73833	24938
1774	P	73875	26205
1775	P	73917	27426
1776	P	73958	28186
1777	P	74000	32076
1778	P	74042	41540
1779	P	74083	36706
1780	P	74125	36063
1781	P	74167	44025
1782	P	74208	37157
1783	P	74250	37459
1784	P	74292	37945
1785	P	74333	49071
1786	P	74375	38518
1787	P	74417	36084
1788	P	74458	49170
1789	P	74500	38660
1790	P	74542	33629
1791	P	74583	29431
1792	I	74625	128499
1793	B	74667	35483
1794	B	74708	65432
1795	B	74750	24077
1796	P	74792	129713
1797	B	74833	29929
1798	B	74875	49819
1799	B	74917	27778
1800	P	74958	90878
1801	B	75000	26423
1802	B	75042	29902
1803	P	75083	78955
1804	B	75125	25734
1805	B	75167	29928
1806	P	75208	80638
1807	B	75250	25146
1808	P	75292	61583
1809	B	75333	19178
1810	P	75375	58487
1811	B	75417	16352
1812	P	75458	60690
1813	B	75500	20778
1814	P	75542	76348
1815	B	75583	18317
1816	B	75625	28820
1817	B	75667	19593
1818	P	75708	69402
1819	B	75750	23513
1820	B	75792	37649
1821	B	75833	20575
1822	P	75875	92133
1823	P	75917	47495
1824	I	75958	122717
1825	B	76000	18634
1826	B	76042	33399
1827	B	76083	18404
1828	P	76125	77954
1829	B	76167	16853
1830	B	76208	37534
1831	B	76250	15731
1832	P	76292	91757
1833	B	76333	20740
1834	B	76375	34290
1835	B	76417	14159
1836	P	76458	82591
1837	B	76500	15199
1838	B	76542	27819
1839	B	76583	15209
1840	P	76625	86062
1841	B	76667	17915
1842	B	76708	38871
1843	B	76750	18112
1844	P	76792	103748
1845	B	76833	20394
1846	B	76875	34355
1847	B	76917	18025
1848	P	76958	86074
1849	B	77000	18072
1850	B	77042	35252
1851	B	77083	18322
1852	P	77125	94702
1853	B	77167	20920
1854	B	77208	44021
1855	P	77250	65535
1856	I	77292	183161
1857	B	77333	18240
1858	B	77375	27209
1859	B	77417	14054
1860	P	77458	67723
1861	B	77500	17653
1862	B	77542	29372
1863	B	77583	17461
1864	P	77625	86390
1865	B	77667	19931
1866	B	77708	39750
1867	B	77750	21777
1868	P	77792	99718
1869	B	77833	21376
1870	B	77875	37610
1871	B	77917	21716
1872	P	77958	84542
1873	B	78000	20867
1874	B	78042	41022
1875	B	78083	16360
1876	P	78125	49578
1877	I	78167	73470
1878	B	78208	23156
1879	B	78250	22206
1880	P	78292	44967
1881	B	78333	32749
1882	P	78375	65566
1883	B	78417	24411
1884	P	78458	67017
1885	B	78500	31744
1886	P	78542	63599
1887	B	78583	27515
1888	B	78625	23156
1889	P	78667	57666
1890	B	78708	22873
1891	B	78750	16190
1892	P	78792	47154
1893	B	78833	20658
1894	B	78875	12970
1895	P	78917	47689
1896	B	78958	25895
1897	P	79000	43589
1898	I	79042	72238
1899	B	79083	17434
1900	B	79125	13702
1901	P	79167	39693
1902	B	79208	17401
1903	B	79250	22627
1904	P	79292	68766
1905	B	79333	23781
1906	B	79375	32624
1907	B	79417	13944
1908	P	79458	62769
1909	B	79500	28333
1910	B	79542	21120
1911	P	79583	52429
1912	B	79625	17765
1913	P	79667	46494
1914	B	79708	23401
1915	B	79750	29151
1916	P	79792	66357
1917	B	79833	30737
1918	B	79875	28258
1919	P	79917	44465
1920	I	79958	91816
1921	P	80000	84779
1922	B	80042	10005
1923	P	80083	38819
1924	B	80125	19528
1925	P	80167	54019
1926	B	80208	20721
1927	P	80250	49302
1928	B	80292	20242
1929	P	80333	68322
1930	B	80375	35574
1931	B	80417	26593
1932	P	80458	50255
1933	P	80500	45399
1934	P	80542	48008
1935	I	80583	66572
1936	P	80625	39907
1937	P	80667	50818
1938	P	80708	38807
1939	P	80750	46260
1940	P	80792	37601
1941	P	80833	45549
1942	P	80875	40129
1943	P	80917	43741
1944	P	80958	36541
1945	P	81000	41031
1946	P	81042	35728
1947	P	81083	39265
1948	P	81125	44787
1949	P	81167	32544
1950	P	81208	41358
1951	I	81250	55999
1952	P	81292	38320
1953	P	81333	10133
1954	P	81375	5322
1955	P	81417	6995
1956	P	81458	4312
1957	P	81500	7314
1958	P	81542	7868
1959	P	81583	9489
1960	P	81625	12304
1961	P	81667	14763
1962	P	81708	17936
1963	P	81750	21270
1964	P	81792	23670
1965	P	81833	23987
1966	P	81875	26469
1967	P	81917	24941
1968	P	81958	24798
1969	P	82000	67718
1970	P	82042	86673
1971	P	82083	85900
1972	P	82125	109093
1973	P	82167	95818
1974	P	82208	81343
1975	P	82250	61396
1976	P	82292	79557
1977	P	82333	75655
1978	P	82375	74411
1979	P	82417	76059
1980	P	82458	87965
1981	P	82500	73488
1982	I	82542	67200
1983	P	82583	45933
1984	I	82625	67442
1985	B	82667	4676
1986	B	82708	11409
1987	B	82750	5708
1988	P	82792	29411
1989	P	82833	31924
1990	B	82875	23548
1991	B	82917	39697
1992	B	82958	19355
1993	P	83000	53449
1994	P	83042	30497
1995	I	83083	70200
1996	B	83125	21225
1997	P	83167	32205
1998	B	83208	26348
1999	P	83250	36547
2000	B	83292	25789
2001	P	83333	40715
2002	P	83375	39997
2003	P	83417	45008
2004	P	83458	41085
2005	P	83500	43978
2006	P	83542	42644
2007	B	83583	32009
2008	P	83625	40464
2009	P	83667	29753
2010	I	83708	69502
2011	B	83750	26113
2012	P	83792	47479
2013	B	83833	28783
2014	P	83875	49088
2015	B	83917	28085
2016	P	83958	51584
2017	B	84000	32198
2018	P	84042	56341
2019	B	84083	48556
2020	P	84125	80846
2021	B	84167	42331
2022	P	84208	80159
2023	B	84250	50952
2024	P	84292	64976
2025	I	84333	80533
2026	B	84375	10290
2027	B	84417	8340
2028	P	84458	19743
2029	B	84500	10966
2030	B	84542	6150
2031	P	84583	34069
2032	B	84625	17966
2033	P	84667	28542
2034	I	84708	52168
2035	B	84750	13034
2036	P	84792	24213
2037	B	84833	17765
2038	P	84875	31717
2039	B	84917	21295
2040	P	84958	38095
2041	B	85000	15306
2042	P	85042	37093
2043	B	85083	13256
2044	P	85125	32233
2045	B	85167	16494
2046	P	85208	29321
2047	P	85250	16391
2048	I	85292	43719
2049	P	85333	47449
2050	B	85375	17026
2051	P	85417	28634
2052	P	85458	26131
2053	P	85500	26018
2054	I	85542	94289
2055	B	85583	25326
2056	B	85625	25133
2057	P	85667	45887
2058	P	85708	41079
2059	P	85750	41142
2060	P	85792	45464
2061	I	85833	91497
2062	P	85875	83285
2063	P	85917	73110
2064	P	85958	81945
2065	P	86000	74999
2066	P	86042	69912
2067	P	86083	57556
2068	P	86125	62445
2069	P	86167	69372
2070	P	86208	53102
2071	P	86250	48833
2072	P	86292	46257
2073	I	86333	83006
2074	B	86375	15109
2075	B	86417	35128
2076	B	86458	16821
2077	P	86500	65504
2078	B	86542	18548
2079	B	86583	40269
2080	B	86625	15601
2081	P	86667	51104
2082	I	86708	94999
2083	B	86750	13302
2084	B	86792	26929
2085	B	86833	12496
2086	P	86875	59646
2087	B	86917	15682
2088	B	86958	18398
2089	P	87000	67330
2090	B	87042	18625
2091	B	87083	20726
2092	P	87125	72109
2093	B	87167	20185
2094	P	87208	61748
2095	B	87250	28635
2096	B	87292	24363
2097	P	87333	34482
2098	P	87375	53476
2099	P	87417	54727
2100	P	87458	46573
2101	P	87500	49428
2102	P	87542	54145
2103	P	87583	38954
2104	I	87625	74494
2105	P	87667	39989
2106	P	87708	60942
2107	P	87750	43113
2108	P	87792	51935
2109	P	87833	47133
2110	P	87875	46329
2111	P	87917	46118
2112	P	87958	50113
2113	P	88000	48332
2114	I	88042	57812
2115	P	88083	54851
2116	I	88125	58251
2117	P	88167	51554
2118	P	88208	59544
2119	P	88250	51879
2120	I	88292	77550
2121	B	88333	2490
2122	B	88375	8865
2123	B	88417	4216
2124	P	88458	24755
2125	B	88500	5766
2126	B	88542	9767
2127	B	88583	5350
2128	P	88625	22604
2129	P	88667	45794
2130	P	88708	41087
2131	P	88750	62089
2132	P	88792	63038
2133	P	88833	53624
2134	P	88875	59788
2135	I	88917	61948
2136	P	88958	51831
2137	P	89000	46519
2138	P	89042	42085
2139	P	89083	50183
2140	P	89125	58036
2141	P	89167	48828
2142	P	89208	50416
2143	P	89250	49782
2144	P	89292	50617
2145	P	89333	49035
2146	I	89375	22702
2147	P	89417	6171
2148	P	89458	24495
2149	P	89500	31166
2150	P	89542	16041
2151	I	89583	39430
2152	P	89625	15621
2153	P	89667	21267
2154	P	89708	14017
2155	P	89750	10416
2156	I	89792	17829
2157	P	89833	15358
2158	B	89875	16649
2159	P	89917	18506
2160	P	89958	23240
2161	P	90000	17685
2162	P	90042	16105
2163	P	90083	17933
2164	P	90125	17735
2165	I	90167	30814
2166	P	90208	26253
2167	P	90250	24416
2168	P	90292	23225
2169	P	90333	28155
2170	P	90375	40249
2171	I	90417	41827
2172	P	90458	28683
2173	P	90500	36390
2174	I	90542	56436
2175	P	90583	47034
2176	P	90625	37512
2177	P	90667	45480
2178	P	90708	52907
2179	P	90750	51480
2180	P	90792	39750
2181	I	90833	31938
2182	P	90875	32233
2183	P	90917	26688
2184	P	90958	27231
2185	P	91000	26811
2186	I	91042	67596
2187	P	91083	55687
2188	P	91125	53018
2189	P	91167	49116
2190	I	91208	81080
2191	P	91250	64932
2192	P	91292	58521
2193	I	91333	63336
2194	P	91375	64584
2195	P	91417	60096
2196	P	91458	81577
2197	P	91500	71407
2198	I	91542	72121
2199	P	91583	59386
2200	P	91625	54714
2201	P	91667	75773
2202	P	91708	51653
2203	P	91750	55629
2204	P	91792	49255
2205	P	91833	51707
2206	P	91875	60538
2207	I	91917	77887
2208	P	91958	52844
2209	P	92000	72454
2210	P	92042	57013
2211	P	92083	61526
2212	P	92125	74207
2213	P	92167	61635
2214	B	92208	140
2215	B	92250	140
2216	B	92292	27
2217	P	92333	34
2218	B	92375	27
2219	B	92417	28
2220	B	92458	27
2221	P	92500	30
2222	B	92542	27
2223	B	92583	27
2224	P	92625	30
2225	I	92667	170
2226	B	92708	27
2227	B	92750	27
2228	B	92792	27
2229	P	92833	28
2230	B	92875	27
2231	B	92917	28
2232	B	92958	27
2233	P	93000	30
2234	B	93042	27
2235	B	93083	114
2236	P	93125	814
2237	P	93167	9581
2238	P	93208	17983
2239	I	93250	31514
2240	P	93292	30701
2241	P	93333	45708
2242	P	93375	46968
2243	P	93417	60708
2244	P	93458	71601
2245	B	93500	52940
2246	P	93542	87364
2247	P	93583	82699
2248	B	93625	30775
2249	B	93667	57012
2250	B	93708	39789
2251	P	93750	79975
2252	B	93792	41576
2253	B	93833	58772
2254	B	93875	31056
2255	P	93917	76658
2256	P	93958	57098
2257	I	94000	114361
2258	B	94042	34620
2259	B	94083	52177
2260	B	94125	24911
2261	P	94167	73696
2262	B	94208	45288
2263	B	94250	50945
2264	P	94292	66016
2265	I	94333	67511
2266	B	94375	18692
2267	P	94417	36263
2268	B	94458	19866
2269	P	94500	40735
2270	B	94542	22355
2271	P	94583	43244
2272	B	94625	45259
2273	P	94667	65852
2274	B	94708	36026
2275	P	94750	66578
2276	B	94792	44067
2277	P	94833	62730
2278	B	94875	29308
2279	P	94917	53825
2280	B	94958	30490
2281	P	95000	54844
2282	B	95042	28874
2283	P	95083	52486
2284	B	95125	27173
2285	P	95167	52382
2286	B	95208	35409
2287	P	95250	52362
2288	P	95292	52922
2289	I	95333	90484
2290	B	95375	34652
2291	P	95417	52994
2292	B	95458	40023
2293	P	95500	70783
2294	P	95542	43144
2295	B	95583	25309
2296	B	95625	19225
2297	P	95667	46529
2298	B	95708	17511
2299	P	95750	42070
2300	P	95792	41938
2301	B	95833	35710
2302	P	95875	65237
2303	P	95917	48977
2304	P	95958	31491
2305	P	96000	60349
2306	B	96042	34190
2307	P	96083	67988
2308	P	96125	47947
2309	B	96167	32155
2310	P	96208	68804
2311	P	96250	50180
2312	B	96292	20506
2313	P	96333	47199
2314	B	96375	20834
2315	P	96417	50366
2316	P	96458	55852
2317	B	96500	31562
2318	P	96542	69481
2319	B	96583	32394
2320	P	96625	70827
2321	I	96667	88571
2322	P	96708	48150
2323	P	96750	42171
2324	B	96792	18760
2325	P	96833	50821
2326	B	96875	25502
2327	P	96917	73085
2328	B	96958	25124
2329	P	97000	56787
2330	B	97042	19469
2331	P	97083	58793
2332	B	97125	23254
2333	B	97167	27467
2334	P	97208	72063
2335	B	97250	30717
2336	P	97292	72317
2337	B	97333	39070
2338	P	97375	70518
2339	B	97417	37696
2340	P	97458	69081
2341	B	97500	33770
2342	B	97542	31504
2343	P	97583	65589
2344	B	97625	14103
2345	P	97667	50596
2346	B	97708	25319
2347	P	97750	54846
2348	B	97792	22472
2349	P	97833	55321
2350	B	97875	20867
2351	P	97917	53169
2352	P	97958	44282
2353	I	98000	99766
2354	B	98042	13433
2355	P	98083	37364
2356	B	98125	12464
2357	P	98167	52091
2358	B	98208	23429
2359	P	98250	68548
2360	B	98292	26449
2361	P	98333	68020
2362	B	98375	27585
2363	P	98417	70260
2364	B	98458	19214
2365	P	98500	55377
2366	B	98542	17803
2367	B	98583	29991
2368	P	98625	73252
2369	B	98667	31017
2370	P	98708	59959
2371	B	98750	28530
2372	B	98792	36181
2373	P	98833	59580
2374	I	98875	74253
2375	B	98917	17140
2376	B	98958	23782
2377	P	99000	67636
2378	B	99042	22985
2379	B	99083	31769
2380	P	99125	58020
2381	B	99167	33046
2382	P	99208	63815
2383	B	99250	10750
2384	P	99292	38379
2385	B	99333	11258
2386	P	99375	66903
2387	B	99417	14822
2388	P	99458	43625
2389	B	99500	30240
2390	P	99542	70361
2391	B	99583	26277
2392	P	99625	50313
2393	B	99667	110
2394	B	99708	109
2395	B	99750	27
2396	P	99792	34
2397	B	99833	27
2398	B	99875	28
2399	B	99917	27
2400	P	99958	30
2401	B	100000	27
2402	B	100042	28
2403	B	100083	27
2404	P	100125	30
2405	P	100167	30
2406	I	100208	170
2407	B	100250	27
2408	B	100292	58
2409	P	100333	65
2410	I	100375	70545
2411	B	100417	27841
2412	P	100458	50070
2413	B	100500	34531
2414	P	100542	57958
2415	P	100583	49247
2416	P	100625	63891
2417	B	100667	41510
2418	P	100708	67760
2419	B	100750	25957
2420	P	100792	59990
2421	B	100833	26083
2422	P	100875	60494
2423	B	100917	27380
2424	P	100958	60001
2425	B	101000	27975
2426	P	101042	59611
2427	B	101083	25624
2428	P	101125	61306
2429	B	101167	27446
2430	P	101208	57869
2431	B	101250	28446
2432	P	101292	49259
2433	I	101333	66123
2434	B	101375	30188
2435	P	101417	45783
2436	B	101458	20028
2437	P	101500	49228
2438	B	101542	47187
2439	P	101583	64016
2440	P	101625	44153
2441	P	101667	32589
2442	I	101708	71862
2443	B	101750	29531
2444	P	101792	57451
2445	B	101833	37065
2446	P	101875	65460
2447	P	101917	55105
2448	B	101958	58569
2449	P	102000	78863
2450	P	102042	55783
2451	P	102083	58080
2452	P	102125	50974
2453	P	102167	45737
2454	P	102208	43421
2455	P	102250	45936
2456	P	102292	47024
2457	P	102333	46442
2458	P	102375	41438
2459	P	102417	39701
2460	P	102458	49533
2461	P	102500	48085
2462	P	102542	56133
2463	P	102583	62215
2464	I	102625	89235
2465	P	102667	70123
2466	P	102708	63632
2467	P	102750	56694
2468	P	102792	61146
2469	P	102833	46972
2470	P	102875	47879
2471	P	102917	59774
2472	P	102958	45657
2473	P	103000	39844
2474	P	103042	57579
2475	P	103083	31346
2476	I	103125	15325
2477	P	103167	3564
2478	B	103208	4278
2479	B	103250	4364
2480	B	103292	4530
2481	P	103333	5953
2482	P	103375	6557
2483	P	103417	10845
2484	P	103458	18690
2485	P	103500	30819
2486	P	103542	44829
2487	P	103583	50519
2488	P	103625	61904
2489	P	103667	83725
2490	P	103708	78587
2491	P	103750	67899
2492	P	103792	67869
2493	P	103833	61389
2494	P	103875	61999
2495	I	103917	47571
2496	P	103958	49180
2497	P	104000	54048
2498	P	104042	36186
2499	P	104083	60032
2500	P	104125	50754
2501	P	104167	42046
2502	P	104208	47540
2503	P	104250	39448
2504	P	104292	43784
2505	P	104333	33931
2506	P	104375	32176
2507	I	104417	67041
2508	P	104458	52269
2509	P	104500	62537
2510	P	104542	43565
2511	P	104583	45513
2512	P	104625	48432
2513	P	104667	43402
2514	P	104708	47705
2515	P	104750	52519
2516	P	104792	50231
2517	P	104833	56144
2518	P	104875	56448
2519	P	104917	50515
2520	P	104958	54564
2521	P	105000	55575
2522	P	105042	47950
2523	P	105083	65216
2524	P	105125	52027
2525	P	105167	52304
2526	I	105208	78910
2527	P	105250	55318
2528	P	105292	56507
2529	P	105333	39755
2530	I	105375	26699
2531	P	105417	24658
2532	P	105458	31166
2533	P	105500	36771
2534	P	105542	29481
2535	P	105583	35565
2536	P	105625	33619
2537	P	105667	28211
2538	P	105708	21051
2539	P	105750	22341
2540	P	105792	25522
2541	I	105833	11546
2542	B	105875	902
2543	B	105917	2220
2544	B	105958	725
2545	P	106000	4258
2546	B	106042	1173
2547	B	106083	2347
2548	B	106125	966
2549	P	106167	5477
2550	B	106208	1726
2551	B	106250	3092
2552	B	106292	1951
2553	P	106333	5990
2554	B	106375	1880
2555	B	106417	3181
2556	B	106458	1660
2557	P	106500	5048
2558	I	106542	14665
2559	B	106583	1900
2560	B	106625	2880
2561	B	106667	3622
2562	P	106708	12704
2563	B	106750	1957
2564	B	106792	3533
2565	B	106833	2117
2566	P	106875	6874
2567	B	106917	2040
2568	B	106958	3535
2569	B	107000	1842
2570	P	107042	5873
2571	B	107083	1819
2572	B	107125	3021
2573	B	107167	1438
2574	P	107208	4310
2575	B	107250	1766
2576	P	107292	1944
2577	I	107333	142917
2578	P	107375	82877
2579	P	107417	74946
2580	P	107458	90883
2581	P	107500	81701
2582	P	107542	96067
2583	P	107583	80803
2584	P	107625	90142
2585	P	107667	80720
2586	P	107708	71922
2587	P	107750	53224
2588	P	107792	59924
2589	P	107833	69588
2590	P	107875	47532
2591	P	107917	63031
2592	P	107958	42776
2593	P	108000	49458
2594	P	108042	56962
2595	P	108083	73130
2596	P	108125	59313
2597	P	108167	62018
2598	P	108208	56819
2599	P	108250	52759
2600	P	108292	57875
2601	P	108333	67642
2602	I	108375	93304
2603	B	108417	11673
2604	P	108458	32752
2605	P	108500	39238
2606	P	108542	53199
2607	P	108583	49933
2608	P	108625	41541
2609	P	108667	41419
2610	P	108708	36590
2611	P	108750	36038
2612	P	108792	34367
2613	P	108833	32127
2614	P	108875	27385
2615	P	108917	23598
2616	I	108958	28259
2617	P	109000	23507
2618	P	109042	20778
2619	B	109083	17976
2620	P	109125	20603
2621	P	109167	20590
2622	P	109208	18173
2623	I	109250	51653
2624	P	109292	19037
2625	B	109333	12768
2626	P	109375	13875
2627	P	109417	48997
2628	P	109458	47679
2629	P	109500	45281
2630	P	109542	16456
2631	P	109583	44926
2632	P	109625	19334
2633	P	109667	14739
2634	I	109708	57221
2635	P	109750	46892
2636	P	109792	42375
2637	I	109833	18329
2638	B	109875	10306
2639	P	109917	11293
2640	P	109958	23420
2641	P	110000	38159
2642	P	110042	54993
2643	P	110083	56006
2644	P	110125	50764
2645	P	110167	47073
2646	P	110208	48664
2647	P	110250	50220
2648	P	110292	47199
2649	P	110333	46860
2650	P	110375	46090
2651	P	110417	48041
2652	P	110458	47280
2653	P	110500	46847
2654	I	110542	48381
2655	P	110583	42820
2656	P	110625	61646
2657	I	110667	67664
2658	P	110708	65985
2659	I	110750	75497
2660	P	110792	68058
2661	P	110833	47552
2662	P	110875	55944
2663	P	110917	43653
2664	P	110958	45738
2665	P	111000	44932
2666	P	111042	48918
2667	P	111083	51361
2668	P	111125	59100
2669	P	111167	53894
2670	P	111208	43386
2671	P	111250	46027
2672	P	111292	54051
2673	I	111333	59590
2674	P	111375	40420
2675	P	111417	43395
2676	P	111458	43288
2677	P	111500	42963
2678	P	111542	44227
2679	P	111583	39638
2680	P	111625	52020
2681	P	111667	44032
2682	P	111708	49686
2683	P	111750	24497
2684	P	111792	37680
2685	P	111833	38061
2686	I	111875	63485
2687	P	111917	39781
2688	P	111958	35429
2689	P	112000	49273
2690	P	112042	45068
2691	P	112083	45871
2692	P	112125	41414
2693	P	112167	41023
2694	P	112208	43430
2695	I	112250	73081
2696	B	112292	6955
2697	P	112333	17263
2698	B	112375	8122
2699	P	112417	31668
2700	B	112458	13422
2701	P	112500	41267
2702	B	112542	15518
2703	P	112583	43778
2704	B	112625	21235
2705	P	112667	51423
2706	P	112708	36820
2707	P	112750	36948
2708	P	112792	33349
2709	I	112833	101082
2710	B	112875	9174
2711	B	112917	22418
2712	B	112958	9487
2713	P	113000	53490
2714	B	113042	12625
2715	B	113083	30883
2716	B	113125	15536
2717	P	113167	68394
2718	B	113208	18330
2719	B	113250	29723
2720	B	113292	16418
2721	P	113333	44446
2722	I	113375	21336
2723	P	113417	17616
2724	P	113458	25998
2725	P	113500	27227
2726	P	113542	26890
2727	P	113583	28604
2728	P	113625	25551
2729	P	113667	25590
2730	P	113708	32204
2731	P	113750	30933
2732	P	113792	32558
2733	P	113833	24171
2734	I	113875	72501
2735	B	113917	46109
2736	P	113958	63361
2737	P	114000	47208
2738	P	114042	58390
2739	P	114083	53158
2740	P	114125	52476
2741	P	114167	53233
2742	P	114208	53260
2743	P	114250	54635
2744	P	114292	55367
2745	P	114333	63671
2746	P	114375	52781
2747	I	114417	148690
2748	B	114458	14378
2749	B	114500	38963
2750	B	114542	21112
2751	P	114583	94269
2752	B	114625	20401
2753	B	114667	52299
2754	B	114708	13608
2755	P	114750	72855
2756	I	114792	75656
2757	P	114833	75395
2758	P	114875	73549
2759	B	114917	32165
2760	P	114958	65569
2761	P	115000	60459
2762	P	115042	44923
2763	I	115083	35780
2764	P	115125	37432
2765	P	115167	33951
2766	P	115208	43267
2767	P	115250	35769
2768	P	115292	42827
2769	P	115333	31045
2770	P	115375	41071
2771	I	115417	61790
2772	P	115458	27412
2773	P	115500	24598
2774	P	115542	31842
2775	P	115583	47360
2776	P	115625	55433
2777	B	115667	20871
2778	P	115708	42452
2779	P	115750	25571
2780	I	115792	36497
2781	P	115833	32905
2782	P	115875	37196
2783	P	115917	39053
2784	P	115958	35015
2785	P	116000	35321
2786	I	116042	43407
2787	P	116083	40538
2788	P	116125	61499
2789	P	116167	56626
2790	P	116208	53828
2791	P	116250	51289
2792	P	116292	50537
2793	P	116333	47962
2794	P	116375	45908
2795	P	116417	46246
2796	P	116458	41665
2797	P	116500	41541
2798	P	116542	41197
2799	P	116583	42644
2800	P	116625	32751
2801	P	116667	19147
2802	I	116708	18785
2803	P	116750	14422
2804	P	116792	11018
2805	B	116833	46
2806	B	116875	45
2807	B	116917	27
2808	P	116958	34
2809	B	117000	27
2810	B	117042	28
2811	B	117083	27
2812	P	117125	30
2813	B	117167	27
2814	B	117208	28
2815	B	117250	27
2816	P	117292	30
2817	B	117333	27
2818	B	117375	28
2819	B	117417	27
2820	P	117458	30
2821	B	117500	27
2822	B	117542	28
2823	B	117583	27
2824	P	117625	30
2825	B	117667	27
2826	B	117708	28
2827	B	117750	27
2828	P	117792	30
2829	B	117833	27
2830	B	117875	28
2831	B	117917	27
2832	P	117958	30
2833	P	118000	30
2834	I	118042	170
2835	B	118083	27
2836	B	118125	27
2837	B	118167	27
2838	P	118208	28
2839	B	118250	27
2840	B	118292	28
2841	B	118333	27
2842	P	118375	30
2843	I	118417	86684
2844	P	118458	81483
2845	P	118500	74508
2846	P	118542	64842
2847	P	118583	60378
2848	P	118625	64614
2849	P	118667	80908
2850	P	118708	78123
2851	P	118750	85790
2852	P	118792	91961
2853	P	118833	76134
2854	P	118875	71826
2855	P	118917	75463
2856	P	118958	74039
2857	P	119000	66899
2858	P	119042	73409
2859	P	119083	66611
2860	P	119125	67468
2861	I	119167	82128
2862	P	119208	63105
2863	P	119250	66589
2864	P	119292	51416
2865	I	119333	47432
2866	P	119375	36638
2867	P	119417	42243
2868	P	119458	26288
2869	P	119500	38917
2870	P	119542	44291
2871	P	119583	40844
2872	P	119625	38820
2873	P	119667	37644
2874	P	119708	34411
2875	P	119750	33138
2876	P	119792	34138
2877	P	119833	37337
2878	P	119875	40783
2879	P	119917	42399
2880	P	119958	44081
2881	P	120000	43502
2882	P	120042	45405
2883	P	120083	40024
2884	P	120125	38909
2885	P	120167	48280
2886	P	120208	33380
2887	P	120250	44160
2888	P	120292	47002
2889	P	120333	45056
2890	P	120375	35026
2891	P	120417	40733
2892	I	120458	58580
2893	P	120500	53267
2894	P	120542	47145
2895	P	120583	54153
2896	P	120625	46530
2897	P	120667	45775
2898	P	120708	47721
2899	P	120750	40507
2900	P	120792	55155
2901	P	120833	52398
2902	B	120875	38301
2903	P	120917	49267
2904	B	120958	128
2905	B	121000	108
2906	B	121042	27
2907	P	121083	66
2908	B	121125	27
2909	B	121167	42
2910	B	121208	27
2911	P	121250	37
2912	I	121292	114837
2913	P	121333	95108
2914	P	121375	85919
2915	I	121417	80785
2916	B	121458	24713
2917	P	121500	39804
2918	P	121542	51220
2919	P	121583	51296
2920	P	121625	55529
2921	P	121667	56615
2922	B	121708	17379
2923	P	121750	36621
2924	P	121792	57801
2925	P	121833	56542
2926	B	121875	33382
2927	P	121917	60452
2928	B	121958	37602
2929	P	122000	78052
2930	P	122042	54467
2931	P	122083	52222
2932	B	122125	22785
2933	P	122167	58943
2934	B	122208	25116
2935	P	122250	55163
2936	B	122292	20036
2937	P	122333	51078
2938	B	122375	24865
2939	P	122417	59941
2940	B	122458	31353
2941	P	122500	54031
2942	B	122542	25487
2943	P	122583	46929
2944	I	122625	112154
2945	P	122667	59698
2946	B	122708	16116
2947	P	122750	39445
2948	B	122792	17292
2949	P	122833	49848
2950	B	122875	15665
2951	P	122917	43562
2952	B	122958	16205
2953	P	123000	48771
2954	B	123042	74
2955	B	123083	72
2956	B	123125	27
2957	P	123167	34
2958	B	123208	27
2959	B	123250	28
2960	B	123292	27
2961	P	123333	30
2962	B	123375	27
2963	B	123417	28
2964	B	123458	27
2965	P	123500	30
2966	B	123542	27
2967	B	123583	28
2968	B	123625	27
2969	P	123667	30
2970	B	123708	27
2971	B	123750	28
2972	B	123792	27
2973	P	123833	30
2974	B	123875	27
2975	P	123917	31
2976	I	123958	177
2977	P	124000	28
2978	P	124042	37197
2979	B	124083	7499
2980	B	124125	14057
2981	B	124167	11091
2982	P	124208	20338
2983	B	124250	11788
2984	B	124292	15646
2985	B	124333	10997
2986	P	124375	23748
2987	B	124417	12591
2988	B	124458	19317
2989	B	124500	13766
2990	P	124542	28523
2991	B	124583	14529
2992	B	124625	18854
2993	B	124667	15701
2994	P	124708	28182
2995	B	124750	15748
2996	B	124792	21217
2997	B	124833	15305
2998	P	124875	31678
2999	B	124917	16855
3000	B	124958	25617
3001	B	125000	17729
3002	P	125042	36281
3003	B	125083	16825
3004	P	125125	29663
3005	B	125167	17992
3006	P	125208	30753
3007	P	125250	24890
3008	I	125292	59750
3009	B	125333	21038
3010	B	125375	29458
3011	B	125417	22841
3012	P	125458	42945
3013	B	125500	21437
3014	P	125542	37619
3015	B	125583	20483
3016	B	125625	11783
3017	P	125667	36754
3018	B	125708	24226
3019	P	125750	41592
3020	B	125792	22777
3021	P	125833	40225
3022	B	125875	25187
3023	P	125917	40910
3024	B	125958	22099
3025	B	126000	16039
3026	P	126042	40408
3027	B	126083	25911
3028	P	126125	42283
3029	B	126167	24557
3030	B	126208	33714
3031	P	126250	46418
3032	B	126292	25318
3033	B	126333	33010
3034	B	126375	22694
3035	P	126417	47134
3036	B	126458	24092
3037	B	126500	31876
3038	B	126542	22995
3039	P	126583	48073
3040	I	126625	83628
3041	B	126667	22691
3042	B	126708	28424
3043	B	126750	19590
3044	P	126792	43355
3045	B	126833	20315
3046	B	126875	26989
3047	B	126917	17962
3048	P	126958	37513
3049	B	127000	19638
3050	B	127042	28408
3051	B	127083	19126
3052	P	127125	38351
3053	P	127167	16738
3054	I	127208	6428
3055	B	127250	1464
3056	B	127292	2838
3057	B	127333	2263
3058	P	127375	5058
3059	B	127417	2461
3060	B	127458	3268
3061	B	127500	1615
3062	P	127542	5732
3063	B	127583	1653
3064	B	127625	3261
3065	B	127667	1999
3066	P	127708	5849
3067	B	127750	1691
3068	B	127792	2941
3069	B	127833	1859
3070	P	127875	5456
3071	P	127917	2688
3072	I	127958	11779
3073	B	128000	3077
3074	B	128042	5532
3075	P	128083	9820
3076	B	128125	2539
3077	B	128167	3523
3078	B	128208	1876
3079	P	128250	6409
3080	B	128292	2074
3081	B	128333	3424
3082	B	128375	2463
3083	P	128417	6544
3084	B	128458	1937
3085	B	128500	4157
3086	B	128542	1997
3087	P	128583	6519
3088	B	128625	2496
3089	B	128667	3366
3090	B	128708	1890
3091	P	128750	6321
3092	B	128792	1841
3093	B	128833	3299
3094	B	128875	2285
3095	P	128917	5799
3096	B	128958	1906
3097	B	129000	3348
3098	B	129042	1976
3099	P	129083	5276
3100	P	129125	2479
3101	I	129167	13222
3102	B	129208	1806
3103	B	129250	3622
3104	B	129292	2285
3105	P	129333	7512
3106	B	129375	2347
3107	B	129417	3440
3108	B	129458	1505
3109	P	129500	7008
3110	B	129542	1601
3111	B	129583	3274
3112	B	129625	2300
3113	P	129667	7127
3114	B	129708	1706
3115	B	129750	4233
3116	B	129792	1689
3117	P	129833	7429
3118	B	129875	2282
3119	B	129917	3349
3120	B	129958	1630
3121	P	130000	7330
3122	B	130042	1747
3123	B	130083	3287
3124	B	130125	2157
3125	P	130167	7164
3126	B	130208	1919
3127	B	130250	4037
3128	B	130292	1610
3129	P	130333	7421
3130	B	130375	2146
3131	B	130417	3592
3132	P	130458	4352
3133	I	130500	16792
3134	B	130542	1591
3135	B	130583	3538
3136	B	130625	1919
3137	P	130667	5208
3138	P	130708	2039
3139	I	130750	83352
3140	B	130792	1750
3141	B	130833	2300
3142	B	130875	843
3143	P	130917	9026
3144	B	130958	378
3145	B	131000	951
3146	B	131042	342
3147	P	131083	3669
3148	B	131125	240
3149	B	131167	662
3150	B	131208	234
3151	P	131250	2959
3152	B	131292	1210
3153	B	131333	2040
3154	B	131375	711
3155	P	131417	6582
3156	B	131458	531
3157	B	131500	1047
3158	B	131542	436
3159	P	131583	3507
3160	B	131625	281
3161	B	131667	759
3162	B	131708	308
3163	P	131750	2772
3164	P	131792	330
3165	I	131833	85862
3166	B	131875	720
3167	B	131917	1289
3168	B	131958	561
3169	P	132000	3948
3170	B	132042	403
3171	B	132083	1483
3172	B	132125	1093
3173	P	132167	1389
3174	B	132208	356
3175	B	132250	356
3176	B	132292	27
3177	P	132333	138
3178	B	132375	27
3179	B	132417	28
3180	B	132458	27
3181	P	132500	30
3182	P	132542	30
