1	I	0	1206
2	B	42	67
3	B	83	67
4	B	125	67
5	P	167	69
6	B	208	67
7	B	250	69
8	B	292	67
9	P	333	75
10	B	375	67
11	B	417	69
12	B	458	67
13	P	500	75
14	B	542	163
15	B	583	2934
16	B	625	21510
17	P	667	36789
18	P	708	55681
19	P	750	70469
20	P	792	83454
21	P	833	92554
22	P	875	103644
23	P	917	114721
24	P	958	113727
25	P	1000	116078
26	P	1042	122948
27	P	1083	130462
28	P	1125	132423
29	P	1167	121692
30	P	1208	150446
31	P	1250	132667
32	P	1292	203990
33	I	1333	245895
34	B	1375	61823
35	P	1417	113911
36	P	1458	117062
37	P	1500	152238
38	B	1542	62570
39	P	1583	122836
40	B	1625	76033
41	P	1667	142446
42	B	1708	71697
43	P	1750	138791
44	P	1792	109034
45	P	1833	112087
46	P	1875	112704
47	P	1917	106156
48	P	1958	107975
49	P	2000	112678
50	P	2042	97975
51	P	2083	98677
52	P	2125	114025
53	P	2167	138293
54	P	2208	106847
55	P	2250	104555
56	P	2292	114560
57	P	2333	117336
58	P	2375	119984
59	P	2417	115134
60	P	2458	115690
61	P	2500	108550
62	P	2542	109609
63	P	2583	104124
64	P	2625	95185
65	I	2667	214148
66	P	2708	88858
67	P	2750	82772
68	P	2792	82688
69	P	2833	81395
70	P	2875	81604
71	P	2917	79378
72	P	2958	79983
73	P	3000	86332
74	P	3042	80496
75	P	3083	78937
76	P	3125	75479
77	P	3167	80408
78	P	3208	81016
79	P	3250	78048
80	P	3292	63557
81	I	3333	109648
82	P	3375	74892
83	P	3417	83342
84	P	3458	90084
85	P	3500	88613
86	P	3542	88898
87	P	3583	95194
88	P	3625	126692
89	P	3667	104996
90	P	3708	90012
91	P	3750	93831
92	P	3792	93167
93	P	3833	89917
94	P	3875	118176
95	P	3917	99993
96	P	3958	108985
97	I	4000	130259
98	P	4042	103720
99	P	4083	78404
100	P	4125	101844
101	P	4167	92390
102	P	4208	116762
103	P	4250	89463
104	P	4292	112370
105	P	4333	88034
106	P	4375	84928
107	P	4417	83363
108	P	4458	90036
109	P	4500	122309
110	P	4542	98023
111	P	4583	119425
112	P	4625	100856
113	P	4667	137768
114	P	4708	102827
115	P	4750	130786
116	P	4792	116881
117	P	4833	84203
118	I	4875	258269
119	B	4917	79926
120	B	4958	133314
121	B	5000	71520
122	P	5042	195553
123	B	5083	99419
124	B	5125	110850
125	P	5167	189908
126	B	5208	91141
127	P	5250	127587
128	P	5292	96366
129	P	5333	192407
130	P	5375	153975
131	P	5417	137833
132	P	5458	159940
133	P	5500	112583
134	P	5542	121741
135	P	5583	141443
136	P	5625	153738
137	P	5667	126087
138	P	5708	132186
139	P	5750	100244
140	P	5792	134387
141	P	5833	141459
142	P	5875	109013
143	P	5917	138868
144	P	5958	101537
145	P	6000	82021
146	P	6042	140540
147	I	6083	144770
148	P	6125	103216
149	P	6167	109319
150	B	6208	43068
151	P	6250	80154
152	B	6292	52232
153	P	6333	123427
154	B	6375	46757
155	P	6417	108702
156	B	6458	57369
157	P	6500	130332
158	B	6542	42009
159	P	6583	112088
160	B	6625	84885
161	P	6667	183108
162	B	6708	66908
163	P	6750	162311
164	B	6792	43845
165	P	6833	110329
166	B	6875	52786
167	P	6917	133056
168	B	6958	50922
169	P	7000	140582
170	B	7042	54521
171	P	7083	126237
172	B	7125	35686
173	P	7167	143758
174	B	7208	61132
175	P	7250	133940
176	B	7292	60738
177	P	7333	134802
178	P	7375	124371
179	I	7417	241278
180	B	7458	51688
181	P	7500	108710
182	B	7542	50263
183	P	7583	125359
184	B	7625	63748
185	P	7667	105157
186	I	7708	169919
187	B	7750	20913
188	P	7792	66644
189	B	7833	21307
190	P	7875	104215
191	B	7917	30003
192	P	7958	137758
193	B	8000	34593
194	P	8042	127658
195	B	8083	36663
196	P	8125	137881
197	B	8167	74716
198	P	8208	211313
199	P	8250	132812
200	P	8292	128543
201	B	8333	26503
202	B	8375	47947
203	P	8417	176592
204	B	8458	36537
205	B	8500	58747
206	P	8542	202425
207	B	8583	63213
208	P	8625	207204
209	B	8667	38014
210	P	8708	127996
211	I	8750	293585
212	B	8792	25703
213	B	8833	66918
214	B	8875	30825
215	P	8917	168455
216	B	8958	31629
217	B	9000	51481
218	B	9042	33153
219	P	9083	176320
220	B	9125	37622
221	B	9167	66043
222	B	9208	39492
223	P	9250	180365
224	B	9292	25237
225	B	9333	83906
226	B	9375	30836
227	P	9417	218993
228	B	9458	41690
229	B	9500	71938
230	B	9542	28934
231	P	9583	196480
232	B	9625	14842
233	B	9667	67185
234	B	9708	42432
235	P	9750	203463
236	B	9792	45033
237	B	9833	75996
238	B	9875	45571
239	P	9917	194349
240	B	9958	37069
241	B	10000	90789
242	P	10042	112462
243	I	10083	340350
244	B	10125	54687
245	B	10167	101145
246	B	10208	49548
247	P	10250	171493
248	B	10292	59920
249	B	10333	106741
250	B	10375	44437
251	P	10417	121962
252	I	10458	184367
253	P	10500	81138
254	B	10542	62809
255	P	10583	98108
256	P	10625	86648
257	P	10667	163582
258	P	10708	90244
259	P	10750	100280
260	P	10792	111852
261	P	10833	112420
262	B	10875	44152
263	P	10917	104734
264	P	10958	116753
265	P	11000	123097
266	B	11042	76528
267	B	11083	59454
268	P	11125	134518
269	P	11167	100692
270	P	11208	101122
271	P	11250	106521
272	P	11292	144114
273	B	11333	60759
274	P	11375	111713
275	I	11417	221631
276	B	11458	39010
277	P	11500	77857
278	P	11542	81254
279	B	11583	40842
280	P	11625	110138
281	P	11667	98224
282	P	11708	90678
283	P	11750	107709
284	P	11792	95018
285	P	11833	85213
286	I	11875	148722
287	P	11917	119307
288	P	11958	104427
289	P	12000	97432
290	P	12042	74584
291	P	12083	103595
292	P	12125	119095
293	P	12167	79721
294	P	12208	100707
295	P	12250	102847
296	P	12292	111331
297	P	12333	106465
298	P	12375	68639
299	P	12417	92523
300	P	12458	78661
301	P	12500	142657
302	P	12542	99577
303	P	12583	65768
304	P	12625	92897
305	P	12667	123770
306	P	12708	99344
307	I	12750	138623
308	P	12792	73748
309	P	12833	82231
310	P	12875	105425
311	P	12917	119675
312	P	12958	86014
313	B	13000	39227
314	P	13042	81278
315	P	13083	154561
316	P	13125	121988
317	P	13167	112607
318	P	13208	86944
319	P	13250	114318
320	P	13292	123131
321	P	13333	100988
322	P	13375	93253
323	P	13417	82977
324	P	13458	82521
325	P	13500	115301
326	P	13542	84055
327	P	13583	111174
328	P	13625	83069
329	P	13667	92378
330	P	13708	82469
331	P	13750	117867
332	P	13792	108550
333	P	13833	105376
334	P	13875	82769
335	P	13917	108844
336	I	13958	199019
337	B	14000	16622
338	P	14042	101907
339	B	14083	26593
340	P	14125	119731
341	B	14167	82860
342	P	14208	186861
343	B	14250	74515
344	P	14292	166933
345	B	14333	55543
346	P	14375	164154
347	B	14417	29651
348	P	14458	124066
349	B	14500	35537
350	P	14542	128449
351	B	14583	32736
352	P	14625	151551
353	B	14667	38892
354	P	14708	126802
355	P	14750	159089
356	P	14792	155975
357	P	14833	135624
358	P	14875	113783
359	P	14917	105156
360	P	14958	124724
361	P	15000	150358
362	P	15042	82935
363	P	15083	116311
364	P	15125	109559
365	P	15167	110000
366	P	15208	105229
367	I	15250	132234
368	P	15292	117367
369	P	15333	128941
370	I	15375	160030
371	P	15417	138709
372	P	15458	161464
373	P	15500	142586
374	P	15542	151091
375	I	15583	162000
376	P	15625	112917
377	P	15667	109184
378	P	15708	92108
379	P	15750	79517
380	P	15792	61528
381	P	15833	31898
382	P	15875	37106
383	P	15917	31740
384	B	15958	2525
385	B	16000	1217
386	B	16042	399
387	P	16083	180
388	B	16125	67
389	B	16167	69
390	B	16208	67
391	P	16250	81
392	B	16292	67
393	B	16333	77
394	B	16375	67
395	P	16417	77
396	B	16458	67
397	B	16500	67
398	P	16542	79
399	I	16583	499
400	B	16625	1501
401	B	16667	7410
402	B	16708	16533
403	P	16750	23444
404	P	16792	37605
405	P	16833	36417
406	P	16875	54105
407	P	16917	51165
408	P	16958	72181
409	P	17000	69762
410	P	17042	80508
411	P	17083	80611
412	P	17125	93609
413	P	17167	126064
414	P	17208	112488
415	P	17250	120145
416	B	17292	78084
417	P	17333	109881
418	B	17375	82407
419	P	17417	100614
420	B	17458	79682
421	P	17500	108291
422	B	17542	80278
423	P	17583	105680
424	B	17625	107377
425	P	17667	145306
426	P	17708	90648
427	B	17750	103797
428	P	17792	150888
429	B	17833	83300
430	P	17875	155441
431	I	17917	179775
432	B	17958	70079
433	P	18000	98009
434	B	18042	76734
435	P	18083	95480
436	B	18125	98873
437	P	18167	143044
438	B	18208	77330
439	P	18250	141472
440	B	18292	94062
441	P	18333	124093
442	B	18375	81703
443	P	18417	94489
444	P	18458	72530
445	I	18500	215300
446	B	18542	69658
447	B	18583	73028
448	B	18625	96776
449	P	18667	213555
450	B	18708	113366
451	B	18750	147300
452	B	18792	86674
453	P	18833	175188
454	B	18875	89473
455	B	18917	94607
456	P	18958	156278
457	B	19000	130125
458	B	19042	179726
459	B	19083	101908
460	P	19125	217599
461	B	19167	133989
462	P	19208	143594
463	I	19250	275910
464	P	19292	3724
465	P	19333	163750
466	I	19375	241120
467	P	19417	170797
468	P	19458	145299
469	P	19500	145694
470	P	19542	96140
471	P	19583	121313
472	P	19625	95187
473	P	19667	86894
474	P	19708	94487
475	I	19750	187716
476	P	19792	162900
477	P	19833	135899
478	B	19875	96832
479	P	19917	129275
480	P	19958	142439
481	P	20000	92296
482	P	20042	138801
483	P	20083	116418
484	P	20125	143502
485	P	20167	119279
486	P	20208	137003
487	P	20250	146171
488	B	20292	94207
489	P	20333	153075
490	B	20375	72502
491	P	20417	153493
492	B	20458	67632
493	P	20500	135168
494	P	20542	109949
495	I	20583	237013
496	B	20625	71190
497	P	20667	148094
498	B	20708	68874
499	P	20750	114069
500	P	20792	88358
501	I	20833	127290
502	P	20875	77067
503	P	20917	85221
504	P	20958	100080
505	P	21000	86909
506	P	21042	100064
507	P	21083	90948
508	P	21125	97724
509	P	21167	81267
510	P	21208	105718
511	P	21250	87979
512	P	21292	85186
513	I	21333	105600
514	P	21375	81063
515	P	21417	77102
516	I	21458	91606
517	P	21500	69441
518	P	21542	58616
519	P	21583	64068
520	P	21625	59781
521	P	21667	57074
522	P	21708	65334
523	P	21750	43843
524	P	21792	37076
525	P	21833	34754
526	P	21875	38517
527	P	21917	38472
528	P	21958	44059
529	P	22000	58827
530	P	22042	60500
531	P	22083	58076
532	P	22125	65700
533	P	22167	68263
534	P	22208	63962
535	P	22250	73760
536	P	22292	68223
537	P	22333	105741
538	P	22375	103931
539	P	22417	107170
540	P	22458	100079
541	P	22500	91094
542	P	22542	87734
543	P	22583	90573
544	I	22625	93696
545	I	22667	125105
546	B	22708	64513
547	P	22750	83778
548	P	22792	81477
549	P	22833	83362
550	P	22875	89126
551	P	22917	97550
552	P	22958	98574
553	P	23000	95588
554	P	23042	98614
555	P	23083	92319
556	P	23125	86614
557	P	23167	79881
558	P	23208	71852
559	P	23250	70120
560	P	23292	73433
561	I	23333	203650
562	P	23375	89524
563	P	23417	97638
564	P	23458	121308
565	P	23500	172351
566	P	23542	128560
567	P	23583	115139
568	P	23625	113871
569	P	23667	101448
570	P	23708	146097
571	P	23750	111415
572	P	23792	97301
573	P	23833	96947
574	P	23875	127190
575	P	23917	94533
576	P	23958	105724
577	P	24000	87090
578	P	24042	82323
579	P	24083	80409
580	P	24125	78674
581	P	24167	70517
582	P	24208	50671
583	P	24250	46572
584	P	24292	42208
585	P	24333	59041
586	P	24375	60580
587	P	24417	68138
588	P	24458	75144
589	P	24500	73184
590	P	24542	84664
591	P	24583	91044
592	I	24625	105083
593	P	24667	83800
594	P	24708	80903
595	P	24750	78514
596	P	24792	79981
597	I	24833	220422
598	B	24875	106313
599	P	24917	144852
600	B	24958	84005
601	P	25000	125935
602	P	25042	162640
603	P	25083	158130
604	P	25125	116447
605	P	25167	118192
606	P	25208	172488
607	P	25250	83902
608	P	25292	117991
609	P	25333	179143
610	I	25375	183531
611	P	25417	149203
612	P	25458	134090
613	P	25500	123678
614	P	25542	120695
615	P	25583	122744
616	P	25625	130084
617	P	25667	162487
618	P	25708	137773
619	P	25750	135536
620	P	25792	138051
621	P	25833	128286
622	P	25875	120317
623	P	25917	112851
624	P	25958	99874
625	I	26000	101818
626	P	26042	82324
627	I	26083	112272
628	P	26125	90660
629	P	26167	81269
630	P	26208	76062
631	P	26250	91109
632	P	26292	107808
633	P	26333	117385
634	P	26375	110535
635	P	26417	119135
636	P	26458	126116
637	P	26500	103931
638	P	26542	110403
639	P	26583	103442
640	P	26625	82157
641	P	26667	68642
642	I	26708	143275
643	P	26750	105811
644	P	26792	82987
645	I	26833	129028
646	P	26875	82230
647	P	26917	90556
648	P	26958	104675
649	P	27000	110244
650	P	27042	114632
651	P	27083	103869
652	P	27125	145802
653	P	27167	124613
654	P	27208	114553
655	I	27250	168924
656	B	27292	61773
657	P	27333	107023
658	P	27375	104226
659	P	27417	103032
660	P	27458	96447
661	P	27500	107279
662	P	27542	106133
663	P	27583	96405
664	P	27625	88480
665	P	27667	77916
666	P	27708	73325
667	P	27750	81416
668	P	27792	92220
669	P	27833	93770
670	P	27875	82036
671	I	27917	113946
672	P	27958	101210
673	P	28000	89829
674	P	28042	76223
675	P	28083	73070
676	P	28125	77848
677	P	28167	83626
678	P	28208	89548
679	P	28250	95664
680	P	28292	99427
681	P	28333	98956
682	P	28375	102145
683	P	28417	105954
684	P	28458	114733
685	P	28500	120906
686	P	28542	164901
687	P	28583	139170
688	P	28625	183813
689	P	28667	147804
690	B	28708	96334
691	P	28750	140511
692	P	28792	126870
693	P	28833	100915
694	I	28875	164530
695	B	28917	50253
696	P	28958	95106
697	B	29000	50806
698	P	29042	100041
699	B	29083	44765
700	P	29125	93211
701	B	29167	80921
702	P	29208	145928
703	P	29250	123087
704	B	29292	62345
705	P	29333	113187
706	P	29375	100918
707	B	29417	43346
708	P	29458	81878
709	P	29500	69570
710	P	29542	76071
711	I	29583	202826
712	P	29625	80116
713	P	29667	149146
714	P	29708	124095
715	P	29750	106719
716	P	29792	131761
717	P	29833	117246
718	B	29875	39388
719	P	29917	111335
720	B	29958	40454
721	P	30000	139329
722	B	30042	67558
723	P	30083	113789
724	P	30125	148719
725	P	30167	129032
726	P	30208	110837
727	P	30250	143393
728	P	30292	91835
729	P	30333	64962
730	P	30375	97679
731	P	30417	105747
732	P	30458	86661
733	P	30500	103336
734	P	30542	104875
735	I	30583	130175
736	P	30625	90649
737	P	30667	122717
738	P	30708	74404
739	I	30750	173708
740	P	30792	98218
741	B	30833	36865
742	P	30875	69595
743	P	30917	115430
744	P	30958	119858
745	P	31000	117097
746	P	31042	109582
747	P	31083	113980
748	P	31125	101277
749	P	31167	83955
750	P	31208	103609
751	P	31250	114559
752	P	31292	110618
753	P	31333	113378
754	P	31375	94727
755	P	31417	107906
756	P	31458	107304
757	P	31500	86519
758	I	31542	146462
759	P	31583	89093
760	P	31625	92229
761	P	31667	102004
762	P	31708	92640
763	P	31750	82356
764	P	31792	103688
765	P	31833	45651
766	P	31875	70757
767	P	31917	69177
768	P	31958	60825
769	P	32000	78676
770	P	32042	68322
771	I	32083	142469
772	P	32125	109247
773	P	32167	99358
774	P	32208	104968
775	P	32250	81973
776	I	32292	106952
777	P	32333	79301
778	P	32375	93116
779	P	32417	89373
780	P	32458	77431
781	P	32500	80963
782	P	32542	76737
783	P	32583	90213
784	P	32625	80753
785	P	32667	77530
786	P	32708	74070
787	P	32750	77001
788	P	32792	81390
789	P	32833	84599
790	P	32875	94281
791	P	32917	98191
792	P	32958	106673
793	P	33000	99259
794	P	33042	99595
795	I	33083	138160
796	P	33125	98889
797	P	33167	106027
798	P	33208	115547
799	P	33250	106828
800	P	33292	107379
801	P	33333	133654
802	P	33375	138878
803	P	33417	117576
804	P	33458	117701
805	P	33500	104917
806	P	33542	97331
807	P	33583	111333
808	P	33625	97110
809	P	33667	97920
810	B	33708	59739
811	P	33750	93317
812	P	33792	73588
813	I	33833	194395
814	B	33875	47206
815	P	33917	84172
816	P	33958	87719
817	P	34000	136820
818	P	34042	111427
819	P	34083	110354
820	P	34125	86386
821	P	34167	77011
822	P	34208	74402
823	P	34250	77141
824	P	34292	75601
825	P	34333	79946
826	P	34375	81640
827	P	34417	78550
828	P	34458	88042
829	P	34500	82995
830	P	34542	81232
831	P	34583	99605
832	P	34625	77081
833	I	34667	144794
834	P	34708	69339
835	P	34750	74806
836	B	34792	57289
837	P	34833	74911
838	P	34875	73539
839	P	34917	133140
840	P	34958	103776
841	P	35000	85083
842	I	35042	235297
843	B	35083	61525
844	B	35125	111287
845	B	35167	47527
846	P	35208	164517
847	B	35250	101342
848	P	35292	190677
849	P	35333	162607
850	P	35375	115129
851	P	35417	131014
852	B	35458	83529
853	P	35500	116292
854	P	35542	155422
855	P	35583	110067
856	P	35625	131819
857	I	35667	153130
858	P	35708	82537
859	P	35750	121979
860	P	35792	128105
861	P	35833	131431
862	B	35875	51271
863	P	35917	120580
864	B	35958	52074
865	P	36000	132843
866	B	36042	42769
867	P	36083	146491
868	B	36125	70983
869	B	36167	654
870	B	36208	114
871	P	36250	83
872	B	36292	67
873	B	36333	69
874	B	36375	67
875	P	36417	75
876	B	36458	67
877	B	36500	69
878	B	36542	67
879	P	36583	75
880	B	36625	67
881	B	36667	69
882	B	36708	67
883	P	36750	75
884	B	36792	67
885	B	36833	69
886	B	36875	67
887	P	36917	75
888	P	36958	75
889	I	37000	413
890	B	37042	67
891	B	37083	67
892	B	37125	67
893	P	37167	69
894	B	37208	67
895	B	37250	69
896	B	37292	67
897	P	37333	75
898	B	37375	67
899	B	37417	69
900	B	37458	67
901	P	37500	75
902	B	37542	67
903	B	37583	69
904	B	37625	67
905	P	37667	75
906	B	37708	67
907	B	37750	69
908	B	37792	67
909	P	37833	75
910	B	37875	67
911	B	37917	69
912	B	37958	67
913	P	38000	75
914	B	38042	67
915	B	38083	69
916	B	38125	67
917	P	38167	75
918	B	38208	67
919	B	38250	67
920	P	38292	75
921	I	38333	413
922	B	38375	67
923	B	38417	67
924	B	38458	67
925	P	38500	69
926	B	38542	67
927	B	38583	306
928	B	38625	4305
929	P	38667	28230
930	P	38708	46264
931	P	38750	78557
932	P	38792	93143
933	P	38833	122677
934	P	38875	131579
935	P	38917	153897
936	P	38958	157634
937	P	39000	163907
938	P	39042	164119
939	P	39083	187847
940	B	39125	129781
941	P	39167	226031
942	P	39208	235651
943	B	39250	121748
944	P	39292	238472
945	B	39333	87179
946	P	39375	205403
947	B	39417	86423
948	P	39458	214528
949	B	39500	86285
950	B	39542	83228
951	P	39583	194562
952	P	39625	101288
953	I	39667	310912
954	B	39708	102147
955	P	39750	218489
956	B	39792	104741
957	P	39833	222268
958	B	39875	56181
959	P	39917	165246
960	B	39958	44420
961	B	40000	33765
962	P	40042	137149
963	B	40083	40021
964	P	40125	136886
965	B	40167	55342
966	P	40208	188596
967	B	40250	50341
968	B	40292	70389
969	P	40333	180592
970	B	40375	54197
971	P	40417	171188
972	B	40458	48564
973	B	40500	64013
974	P	40542	198985
975	B	40583	42276
976	B	40625	57540
977	P	40667	186963
978	B	40708	43061
979	B	40750	54906
980	P	40792	195681
981	B	40833	44611
982	B	40875	62042
983	P	40917	205742
984	P	40958	122400
985	I	41000	335306
986	B	41042	31464
987	B	41083	67672
988	B	41125	40327
989	P	41167	150870
990	B	41208	39101
991	B	41250	43337
992	P	41292	168472
993	B	41333	36349
994	B	41375	50178
995	P	41417	188863
996	B	41458	43003
997	B	41500	101408
998	B	41542	47859
999	P	41583	199969
1000	B	41625	49677
1001	B	41667	82417
1002	B	41708	39569
1003	P	41750	152434
1004	B	41792	36678
1005	P	41833	79754
1006	I	41875	154822
1007	P	41917	73914
1008	P	41958	109042
1009	B	42000	63999
1010	P	42042	124481
1011	P	42083	99764
1012	P	42125	108581
1013	P	42167	117992
1014	P	42208	102262
1015	P	42250	105007
1016	B	42292	82059
1017	P	42333	173497
1018	P	42375	120621
1019	B	42417	68453
1020	P	42458	122798
1021	B	42500	68464
1022	P	42542	119232
1023	B	42583	67023
1024	P	42625	99392
1025	P	42667	135072
1026	B	42708	45370
1027	P	42750	105014
1028	B	42792	44489
1029	P	42833	115391
1030	B	42875	48163
1031	P	42917	115462
1032	B	42958	80070
1033	P	43000	195786
1034	P	43042	123363
1035	B	43083	72299
1036	P	43125	189378
1037	P	43167	89640
1038	I	43208	257110
1039	P	43250	147927
1040	B	43292	55483
1041	P	43333	118361
1042	P	43375	67081
1043	I	43417	173859
1044	B	43458	44831
1045	B	43500	89029
1046	B	43542	75050
1047	P	43583	175305
1048	B	43625	71923
1049	B	43667	115083
1050	B	43708	80288
1051	P	43750	169442
1052	B	43792	63238
1053	B	43833	98366
1054	B	43875	52228
1055	P	43917	144660
1056	B	43958	60384
1057	B	44000	96090
1058	B	44042	55126
1059	P	44083	155645
1060	B	44125	56776
1061	B	44167	104622
1062	B	44208	69734
1063	P	44250	162003
1064	B	44292	66559
1065	B	44333	97994
1066	B	44375	72356
1067	P	44417	121014
1068	P	44458	60454
1069	I	44500	80168
1070	B	44542	23587
1071	B	44583	40013
1072	B	44625	23131
1073	P	44667	58313
1074	B	44708	30995
1075	B	44750	46766
1076	B	44792	30526
1077	P	44833	67498
1078	B	44875	38865
1079	B	44917	45236
1080	B	44958	31336
1081	P	45000	62882
1082	B	45042	32745
1083	B	45083	47085
1084	B	45125	33451
1085	P	45167	67449
1086	B	45208	34200
1087	B	45250	52826
1088	B	45292	35646
1089	P	45333	74702
1090	B	45375	40667
1091	B	45417	47171
1092	B	45458	32251
1093	P	45500	65736
1094	B	45542	32905
1095	B	45583	47414
1096	B	45625	34047
1097	P	45667	66066
1098	B	45708	33206
1099	B	45750	45852
1100	P	45792	53188
1101	I	45833	103688
1102	B	45875	37338
1103	B	45917	49468
1104	B	45958	42812
1105	P	46000	64351
1106	B	46042	39789
1107	B	46083	50355
1108	B	46125	39223
1109	P	46167	53554
1110	B	46208	38819
1111	B	46250	48076
1112	B	46292	33041
1113	P	46333	37884
1114	B	46375	24577
1115	P	46417	19104
1116	B	46458	4799
1117	B	46500	256
1118	P	46542	456
1119	B	46583	3486
1120	B	46625	8115
1121	B	46667	10403
1122	P	46708	15919
1123	B	46750	13042
1124	P	46792	21522
1125	B	46833	19113
1126	B	46875	20879
1127	P	46917	32029
1128	B	46958	23773
1129	B	47000	33713
1130	B	47042	26936
1131	P	47083	43244
1132	P	47125	30881
1133	I	47167	51547
1134	B	47208	29854
1135	B	47250	43114
1136	B	47292	30914
1137	P	47333	54542
1138	B	47375	34400
1139	B	47417	39113
1140	B	47458	31211
1141	P	47500	58746
1142	B	47542	26027
1143	B	47583	34678
1144	B	47625	27239
1145	P	47667	49217
1146	B	47708	25896
1147	B	47750	37510
1148	B	47792	28430
1149	P	47833	50873
1150	B	47875	31983
1151	B	47917	40337
1152	B	47958	32476
1153	P	48000	57254
1154	B	48042	23935
1155	B	48083	31774
1156	B	48125	24514
1157	P	48167	42471
1158	B	48208	23399
1159	B	48250	33974
1160	B	48292	23400
1161	P	48333	45793
1162	B	48375	23119
1163	B	48417	31006
1164	P	48458	34351
1165	I	48500	63651
1166	B	48542	14771
1167	B	48583	16812
1168	B	48625	306
1169	P	48667	76
1170	B	48708	67
1171	B	48750	69
1172	B	48792	67
1173	P	48833	75
1174	B	48875	190
1175	B	48917	432
1176	P	48958	9499
1177	P	49000	27673
1178	P	49042	39078
1179	P	49083	51182
1180	P	49125	58644
1181	I	49167	72939
1182	P	49208	101354
1183	P	49250	96391
1184	I	49292	141242
1185	P	49333	121104
1186	P	49375	154730
1187	P	49417	128957
1188	P	49458	168187
1189	P	49500	125435
1190	P	49542	101079
1191	P	49583	119002
1192	P	49625	117797
1193	P	49667	104787
1194	P	49708	170244
1195	P	49750	141061
1196	P	49792	167619
1197	P	49833	170951
1198	P	49875	176970
1199	P	49917	168870
1200	P	49958	200003
1201	P	50000	204099
1202	P	50042	163078
1203	P	50083	174488
1204	P	50125	173873
1205	P	50167	181795
1206	P	50208	184646
1207	P	50250	172474
1208	P	50292	176995
1209	P	50333	295341
1210	B	50375	56726
1211	B	50417	76804
1212	P	50458	180052
1213	B	50500	58041
1214	B	50542	76202
1215	P	50583	188931
1216	I	50625	324060
1217	B	50667	27100
1218	B	50708	88560
1219	P	50750	143646
1220	B	50792	29950
1221	B	50833	57454
1222	P	50875	175373
1223	B	50917	43672
1224	B	50958	32297
1225	P	51000	119534
1226	P	51042	98446
1227	B	51083	40102
1228	B	51125	64635
1229	P	51167	136810
1230	I	51208	227414
1231	B	51250	52581
1232	P	51292	193968
1233	P	51333	146163
1234	B	51375	39748
1235	B	51417	33963
1236	P	51458	159252
1237	B	51500	55736
1238	B	51542	102625
1239	B	51583	49375
1240	P	51625	196195
1241	B	51667	56492
1242	P	51708	150410
1243	B	51750	64221
1244	P	51792	185575
1245	P	51833	135716
1246	B	51875	45764
1247	P	51917	90054
1248	I	51958	218018
1249	I	52000	64463
1250	P	52042	55871
1251	P	52083	63862
1252	P	52125	63354
1253	P	52167	61612
1254	P	52208	63852
1255	P	52250	70522
1256	P	52292	71632
1257	P	52333	63679
1258	P	52375	60643
1259	P	52417	67633
1260	P	52458	64765
1261	P	52500	70337
1262	P	52542	66526
1263	P	52583	52936
1264	P	52625	53045
1265	P	52667	90997
1266	P	52708	148483
1267	P	52750	220629
1268	P	52792	166755
1269	I	52833	115331
1270	P	52875	59570
1271	P	52917	73931
1272	B	52958	125
1273	B	53000	125
1274	B	53042	67
1275	P	53083	83
1276	B	53125	67
1277	B	53167	69
1278	B	53208	67
1279	P	53250	75
1280	B	53292	67
1281	B	53333	69
1282	B	53375	67
1283	P	53417	75
1284	B	53458	67
1285	B	53500	69
1286	B	53542	67
1287	P	53583	75
1288	B	53625	72
1289	B	53667	269
1290	B	53708	3937
1291	P	53750	11534
1292	P	53792	28221
1293	P	53833	33657
1294	P	53875	57017
1295	P	53917	60222
1296	P	53958	85226
1297	P	54000	100597
1298	P	54042	93978
1299	P	54083	114460
1300	I	54125	150391
1301	P	54167	133698
1302	P	54208	147305
1303	P	54250	149023
1304	P	54292	168039
1305	P	54333	164830
1306	B	54375	93660
1307	P	54417	166162
1308	P	54458	100963
1309	P	54500	89402
1310	B	54542	67214
1311	P	54583	128210
1312	B	54625	55998
1313	P	54667	110725
1314	B	54708	72737
1315	P	54750	115859
1316	B	54792	86628
1317	B	54833	64447
1318	P	54875	126863
1319	B	54917	79295
1320	B	54958	71638
1321	P	55000	121293
1322	B	55042	104420
1323	P	55083	180485
1324	B	55125	85116
1325	P	55167	173432
1326	B	55208	96790
1327	P	55250	146712
1328	B	55292	112534
1329	P	55333	176544
1330	B	55375	98481
1331	P	55417	169833
1332	I	55458	197206
1333	P	55500	79025
1334	I	55542	418746
1335	B	55583	34124
1336	B	55625	99044
1337	B	55667	59084
1338	P	55708	292307
1339	B	55750	29742
1340	B	55792	102471
1341	B	55833	33411
1342	P	55875	280498
1343	B	55917	41947
1344	B	55958	58858
1345	B	56000	23452
1346	P	56042	252126
1347	B	56083	25645
1348	B	56125	64318
1349	B	56167	38366
1350	P	56208	265469
1351	B	56250	28721
1352	B	56292	92281
1353	B	56333	27255
1354	P	56375	307433
1355	B	56417	37566
1356	B	56458	65377
1357	B	56500	25127
1358	P	56542	271725
1359	B	56583	27674
1360	B	56625	64896
1361	B	56667	42202
1362	P	56708	307099
1363	P	56750	126917
1364	I	56792	494505
1365	B	56833	25978
1366	B	56875	64292
1367	B	56917	38938
1368	P	56958	227683
1369	B	57000	27620
1370	B	57042	90418
1371	B	57083	31693
1372	P	57125	267331
1373	B	57167	41303
1374	B	57208	67277
1375	B	57250	30615
1376	P	57292	245668
1377	B	57333	41347
1378	B	57375	91929
1379	B	57417	48294
1380	P	57458	255195
1381	B	57500	34245
1382	B	57542	114078
1383	B	57583	43195
1384	P	57625	230945
1385	B	57667	54920
1386	B	57708	102389
1387	B	57750	45343
1388	P	57792	167276
1389	B	57833	49227
1390	P	57875	132349
1391	B	57917	59997
1392	P	57958	121378
1393	B	58000	71205
1394	P	58042	102427
1395	P	58083	83414
1396	I	58125	89437
1397	B	58167	10549
1398	B	58208	833
1399	B	58250	97
1400	P	58292	76
1401	B	58333	75
1402	B	58375	192
1403	B	58417	3026
1404	P	58458	10796
1405	B	58500	1546
1406	B	58542	2035
1407	B	58583	695
1408	P	58625	5181
1409	B	58667	2961
1410	B	58708	4917
1411	B	58750	2023
1412	P	58792	12202
1413	B	58833	2232
1414	B	58875	3982
1415	B	58917	2279
1416	P	58958	7704
1417	B	59000	2517
1418	B	59042	3838
1419	B	59083	2005
1420	P	59125	7367
1421	B	59167	1890
1422	B	59208	3551
1423	B	59250	1799
1424	P	59292	6859
1425	B	59333	1978
1426	B	59375	3774
1427	P	59417	5000
1428	I	59458	15361
1429	B	59500	2622
1430	B	59542	3689
1431	B	59583	1929
1432	P	59625	6978
1433	B	59667	1947
1434	B	59708	3166
1435	B	59750	1705
1436	P	59792	5477
1437	B	59833	1654
1438	P	59875	2268
1439	I	59917	126618
1440	B	59958	103844
1441	P	60000	131690
1442	B	60042	95257
1443	P	60083	139397
1444	P	60125	164024
1445	P	60167	36962
1446	P	60208	83883
1447	P	60250	135385
1448	P	60292	272481
1449	P	60333	172604
1450	P	60375	201800
1451	P	60417	236491
1452	P	60458	183943
1453	P	60500	175925
1454	P	60542	283487
1455	P	60583	265659
1456	P	60625	260697
1457	P	60667	268994
1458	P	60708	208210
1459	I	60750	149234
1460	P	60792	68678
1461	P	60833	64518
1462	P	60875	51782
1463	P	60917	57483
1464	P	60958	44520
1465	P	61000	51038
1466	P	61042	40329
1467	P	61083	33811
1468	I	61125	108711
1469	P	61167	43366
1470	B	61208	51530
1471	P	61250	68848
1472	B	61292	78310
1473	P	61333	119038
1474	P	61375	104068
1475	P	61417	146054
1476	P	61458	108691
1477	P	61500	145189
1478	P	61542	135850
1479	P	61583	151018
1480	P	61625	138140
1481	P	61667	168032
1482	P	61708	138490
1483	P	61750	164905
1484	P	61792	141340
1485	P	61833	120138
1486	P	61875	62970
1487	P	61917	69967
1488	P	61958	73849
1489	P	62000	67349
1490	I	62042	99457
1491	P	62083	77844
1492	P	62125	78786
1493	P	62167	104081
1494	P	62208	84902
1495	P	62250	86736
1496	P	62292	81096
1497	P	62333	89231
1498	P	62375	91445
1499	P	62417	90059
1500	P	62458	92688
1501	P	62500	103983
1502	I	62542	123087
1503	B	62583	25905
1504	B	62625	67803
1505	B	62667	42753
1506	P	62708	101909
1507	B	62750	57974
1508	B	62792	74993
1509	B	62833	69589
1510	P	62875	127282
1511	B	62917	53177
1512	B	62958	86580
1513	P	63000	101857
1514	B	63042	90384
1515	P	63083	127099
1516	B	63125	70214
1517	P	63167	122168
1518	B	63208	89069
1519	P	63250	101394
1520	P	63292	88120
1521	I	63333	131672
1522	P	63375	90049
1523	B	63417	50730
1524	P	63458	72616
1525	P	63500	85955
1526	P	63542	74853
1527	P	63583	66377
1528	P	63625	90482
1529	P	63667	76858
1530	P	63708	73279
1531	P	63750	103907
1532	P	63792	93043
1533	B	63833	56733
1534	P	63875	88582
1535	B	63917	62867
1536	P	63958	79043
1537	P	64000	115007
1538	P	64042	70352
1539	B	64083	65155
1540	P	64125	93422
1541	P	64167	99729
1542	P	64208	146487
1543	P	64250	104831
1544	P	64292	92754
1545	P	64333	107342
1546	P	64375	151576
1547	P	64417	107142
1548	P	64458	110681
1549	P	64500	150816
1550	P	64542	109645
1551	B	64583	91829
1552	P	64625	149419
1553	I	64667	152540
1554	B	64708	69271
1555	P	64750	97268
1556	B	64792	72297
1557	P	64833	91519
1558	P	64875	69651
1559	I	64917	167083
1560	B	64958	76330
1561	P	65000	168907
1562	B	65042	92955
1563	P	65083	175056
1564	B	65125	100088
1565	B	65167	117166
1566	P	65208	202471
1567	B	65250	93180
1568	P	65292	164240
1569	B	65333	113842
1570	P	65375	200229
1571	B	65417	108288
1572	B	65458	146723
1573	P	65500	222351
1574	B	65542	106394
1575	B	65583	138742
1576	B	65625	85582
1577	P	65667	192731
1578	B	65708	87485
1579	B	65750	80309
1580	P	65792	150647
1581	B	65833	105830
1582	P	65875	203599
1583	B	65917	107180
1584	P	65958	207200
1585	I	66000	282114
1586	B	66042	37991
1587	P	66083	62644
1588	P	66125	61230
1589	I	66167	83735
1590	B	66208	25868
1591	B	66250	22205
1592	P	66292	38347
1593	B	66333	38860
1594	B	66375	57953
1595	B	66417	32801
1596	P	66458	70200
1597	B	66500	46333
1598	B	66542	46489
1599	P	66583	65148
1600	P	66625	65255
1601	P	66667	60433
1602	P	66708	43472
1603	B	66750	11447
1604	B	66792	6490
1605	P	66833	598
1606	I	66875	34225
1607	P	66917	35608
1608	P	66958	37431
1609	P	67000	50384
1610	B	67042	52838
1611	P	67083	61583
1612	B	67125	57925
1613	P	67167	64832
1614	I	67208	197265
1615	P	67250	159225
1616	P	67292	150597
1617	P	67333	197847
1618	P	67375	174506
1619	P	67417	171051
1620	P	67458	143318
1621	P	67500	150070
1622	P	67542	111495
1623	P	67583	103767
1624	P	67625	81352
1625	P	67667	73300
1626	P	67708	65370
1627	P	67750	53853
1628	P	67792	72015
1629	P	67833	36764
1630	P	67875	20998
1631	P	67917	23270
1632	P	67958	62577
1633	P	68000	57884
1634	P	68042	54003
1635	P	68083	67738
1636	P	68125	88469
1637	I	68167	124484
1638	P	68208	91116
1639	B	68250	76850
1640	P	68292	86693
1641	I	68333	49188
1642	P	68375	39651
1643	P	68417	38800
1644	P	68458	51181
1645	P	68500	48515
1646	P	68542	39555
1647	P	68583	39885
1648	P	68625	50616
1649	P	68667	43156
1650	P	68708	39887
1651	P	68750	54074
1652	P	68792	41962
1653	P	68833	37390
1654	P	68875	35375
1655	P	68917	34104
1656	P	68958	32886
1657	P	69000	46987
1658	P	69042	36104
1659	P	69083	31625
1660	P	69125	34355
1661	P	69167	46483
1662	P	69208	39103
1663	P	69250	47303
1664	P	69292	42820
1665	P	69333	60038
1666	P	69375	89232
1667	P	69417	102773
1668	I	69458	140349
1669	P	69500	120514
1670	P	69542	112013
1671	P	69583	108146
1672	P	69625	105683
1673	P	69667	99307
1674	P	69708	115491
1675	P	69750	95583
1676	B	69792	72615
1677	P	69833	93827
1678	B	69875	78867
1679	P	69917	99371
1680	P	69958	122235
1681	P	70000	112244
1682	P	70042	130929
1683	P	70083	120413
1684	P	70125	120561
1685	B	70167	76296
1686	P	70208	130875
1687	P	70250	148891
1688	P	70292	175139
1689	P	70333	145380
1690	P	70375	160557
1691	P	70417	162694
1692	P	70458	167224
1693	P	70500	154106
1694	P	70542	197798
1695	P	70583	187359
1696	P	70625	201016
1697	P	70667	187405
1698	B	70708	70052
1699	P	70750	179239
1700	I	70792	266557
1701	P	70833	170194
1702	P	70875	141754
1703	B	70917	127472
1704	B	70958	328
1705	B	71000	67
1706	P	71042	93
1707	B	71083	67
1708	B	71125	267
1709	B	71167	265
1710	P	71208	13159
1711	P	71250	46724
1712	P	71292	75199
1713	P	71333	101459
1714	P	71375	135077
1715	P	71417	138879
1716	P	71458	132945
1717	P	71500	189324
1718	P	71542	191597
1719	B	71583	83654
1720	B	71625	132081
1721	B	71667	72721
1722	P	71708	203333
1723	B	71750	64234
1724	B	71792	114520
1725	B	71833	81721
1726	P	71875	202410
1727	B	71917	82713
1728	B	71958	114254
1729	B	72000	69416
1730	P	72042	171194
1731	P	72083	96995
1732	I	72125	271291
1733	B	72167	72750
1734	B	72208	112835
1735	B	72250	72200
1736	P	72292	148114
1737	B	72333	53269
1738	B	72375	86837
1739	P	72417	109946
1740	I	72458	209562
1741	B	72500	50323
1742	B	72542	113690
1743	B	72583	63907
1744	P	72625	191027
1745	B	72667	60913
1746	B	72708	124973
1747	B	72750	85412
1748	P	72792	215751
1749	B	72833	56437
1750	B	72875	95631
1751	P	72917	200510
1752	B	72958	62257
1753	B	73000	100256
1754	B	73042	59791
1755	P	73083	163179
1756	B	73125	59436
1757	B	73167	94349
1758	B	73208	45329
1759	P	73250	154457
1760	B	73292	52288
1761	B	73333	91989
1762	B	73375	39917
1763	P	73417	137163
1764	I	73458	223008
1765	I	73500	57444
1766	P	73542	64083
1767	P	73583	53837
1768	P	73625	58871
1769	P	73667	69610
1770	P	73708	59198
1771	P	73750	59208
1772	P	73792	56474
1773	P	73833	60566
1774	P	73875	63642
1775	P	73917	66608
1776	P	73958	68453
1777	P	74000	77901
1778	P	74042	100884
1779	P	74083	89144
1780	P	74125	87583
1781	P	74167	106918
1782	P	74208	90240
1783	P	74250	90974
1784	P	74292	92154
1785	P	74333	119174
1786	P	74375	93544
1787	P	74417	87633
1788	P	74458	119415
1789	P	74500	93890
1790	P	74542	81671
1791	P	74583	71477
1792	I	74625	312069
1793	B	74667	86173
1794	B	74708	158907
1795	B	74750	58475
1796	P	74792	315019
1797	B	74833	72686
1798	B	74875	120991
1799	B	74917	67461
1800	P	74958	220704
1801	B	75000	64171
1802	B	75042	72620
1803	P	75083	191750
1804	B	75125	62497
1805	B	75167	72683
1806	P	75208	195837
1807	B	75250	61071
1808	P	75292	149561
1809	B	75333	46576
1810	P	75375	142042
1811	B	75417	39714
1812	P	75458	147390
1813	B	75500	50463
1814	P	75542	185418
1815	B	75583	44486
1816	B	75625	69992
1817	B	75667	47584
1818	P	75708	168550
1819	B	75750	57103
1820	B	75792	91435
1821	B	75833	49970
1822	P	75875	223753
1823	P	75917	115345
1824	I	75958	298028
1825	B	76000	45256
1826	B	76042	81113
1827	B	76083	44697
1828	P	76125	189317
1829	B	76167	40929
1830	B	76208	91154
1831	B	76250	38204
1832	P	76292	222840
1833	B	76333	50370
1834	B	76375	83276
1835	B	76417	34388
1836	P	76458	200579
1837	B	76500	36913
1838	B	76542	67561
1839	B	76583	36937
1840	P	76625	209008
1841	B	76667	43508
1842	B	76708	94401
1843	B	76750	43987
1844	P	76792	251961
1845	B	76833	49529
1846	B	76875	83435
1847	B	76917	43777
1848	P	76958	209037
1849	B	77000	43890
1850	B	77042	85613
1851	B	77083	44498
1852	P	77125	229991
1853	B	77167	50806
1854	B	77208	106909
1855	P	77250	159157
1856	I	77292	444820
1857	B	77333	44299
1858	B	77375	66081
1859	B	77417	34132
1860	P	77458	164471
1861	B	77500	42872
1862	B	77542	71332
1863	B	77583	42407
1864	P	77625	209806
1865	B	77667	48406
1866	B	77708	96537
1867	B	77750	52889
1868	P	77792	242174
1869	B	77833	51915
1870	B	77875	91340
1871	B	77917	52741
1872	P	77958	205318
1873	B	78000	50679
1874	B	78042	99625
1875	B	78083	39732
1876	P	78125	120405
1877	I	78167	178428
1878	B	78208	56237
1879	B	78250	53929
1880	P	78292	109207
1881	B	78333	79535
1882	P	78375	159232
1883	B	78417	59286
1884	P	78458	162757
1885	B	78500	77093
1886	P	78542	154457
1887	B	78583	66824
1888	B	78625	56237
1889	P	78667	140048
1890	B	78708	55551
1891	B	78750	39320
1892	P	78792	114519
1893	B	78833	50171
1894	B	78875	31499
1895	P	78917	115818
1896	B	78958	62888
1897	P	79000	105861
1898	I	79042	175436
1899	B	79083	42342
1900	B	79125	33277
1901	P	79167	96398
1902	B	79208	42260
1903	B	79250	54953
1904	P	79292	167005
1905	B	79333	57755
1906	B	79375	79231
1907	B	79417	33865
1908	P	79458	152440
1909	B	79500	68809
1910	B	79542	51293
1911	P	79583	127329
1912	B	79625	43144
1913	P	79667	112916
1914	B	79708	56832
1915	B	79750	70797
1916	P	79792	161153
1917	B	79833	74647
1918	B	79875	68628
1919	P	79917	107988
1920	I	79958	222984
1921	P	80000	205892
1922	B	80042	24298
1923	P	80083	94276
1924	B	80125	47427
1925	P	80167	131189
1926	B	80208	50324
1927	P	80250	119734
1928	B	80292	49161
1929	P	80333	165927
1930	B	80375	86395
1931	B	80417	64583
1932	P	80458	122050
1933	P	80500	110257
1934	P	80542	116591
1935	I	80583	161676
1936	P	80625	96917
1937	P	80667	123417
1938	P	80708	94247
1939	P	80750	112348
1940	P	80792	91317
1941	P	80833	110620
1942	P	80875	97457
1943	P	80917	106230
1944	P	80958	88744
1945	P	81000	99647
1946	P	81042	86768
1947	P	81083	95360
1948	P	81125	108770
1949	P	81167	79037
1950	P	81208	100441
1951	I	81250	135998
1952	P	81292	93064
1953	P	81333	24609
1954	P	81375	12927
1955	P	81417	16989
1956	P	81458	10472
1957	P	81500	17763
1958	P	81542	19108
1959	P	81583	23046
1960	P	81625	29882
1961	P	81667	35854
1962	P	81708	43559
1963	P	81750	51656
1964	P	81792	57486
1965	P	81833	58256
1966	P	81875	64284
1967	P	81917	60571
1968	P	81958	60224
1969	P	82000	164460
1970	P	82042	210492
1971	P	82083	208616
1972	P	82125	264942
1973	P	82167	232701
1974	P	82208	197548
1975	P	82250	149105
1976	P	82292	193212
1977	P	82333	183735
1978	P	82375	180713
1979	P	82417	184716
1980	P	82458	213631
1981	P	82500	178472
1982	I	82542	163201
1983	P	82583	111553
1984	I	82625	163790
1985	B	82667	11356
1986	B	82708	27709
1987	B	82750	13864
1988	P	82792	71429
1989	P	82833	77532
1990	B	82875	57189
1991	B	82917	96409
1992	B	82958	47005
1993	P	83000	129806
1994	P	83042	74065
1995	I	83083	170488
1996	B	83125	51547
1997	P	83167	78213
1998	B	83208	63990
1999	P	83250	88759
2000	B	83292	62631
2001	P	83333	98881
2002	P	83375	97136
2003	P	83417	109307
2004	P	83458	99779
2005	P	83500	106806
2006	P	83542	103564
2007	B	83583	77738
2008	P	83625	98271
2009	P	83667	72259
2010	I	83708	168791
2011	B	83750	63418
2012	P	83792	115308
2013	B	83833	69903
2014	P	83875	119216
2015	B	83917	68208
2016	P	83958	125276
2017	B	84000	78196
2018	P	84042	136830
2019	B	84083	117922
2020	P	84125	196341
2021	B	84167	102805
2022	P	84208	194673
2023	B	84250	123741
2024	P	84292	157801
2025	I	84333	195582
2026	B	84375	24991
2027	B	84417	20256
2028	P	84458	47949
2029	B	84500	26632
2030	B	84542	14937
2031	P	84583	82741
2032	B	84625	43634
2033	P	84667	69318
2034	I	84708	126694
2035	B	84750	31655
2036	P	84792	58804
2037	B	84833	43145
2038	P	84875	77028
2039	B	84917	51717
2040	P	84958	92517
2041	B	85000	37172
2042	P	85042	90084
2043	B	85083	32194
2044	P	85125	78282
2045	B	85167	40058
2046	P	85208	71209
2047	P	85250	39807
2048	I	85292	106176
2049	P	85333	115235
2050	B	85375	41351
2051	P	85417	69542
2052	P	85458	63461
2053	P	85500	63188
2054	I	85542	228989
2055	B	85583	61507
2056	B	85625	61039
2057	P	85667	111442
2058	P	85708	99764
2059	P	85750	99918
2060	P	85792	110414
2061	I	85833	222207
2062	P	85875	202265
2063	P	85917	177555
2064	P	85958	199011
2065	P	86000	182141
2066	P	86042	169787
2067	P	86083	139781
2068	P	86125	151653
2069	P	86167	168477
2070	P	86208	128963
2071	P	86250	118596
2072	P	86292	112340
2073	I	86333	201586
2074	B	86375	36694
2075	B	86417	85313
2076	B	86458	40853
2077	P	86500	159082
2078	B	86542	45047
2079	B	86583	97798
2080	B	86625	37890
2081	P	86667	124112
2082	I	86708	230712
2083	B	86750	32306
2084	B	86792	65401
2085	B	86833	30349
2086	P	86875	144856
2087	B	86917	38086
2088	B	86958	44681
2089	P	87000	163517
2090	B	87042	45233
2091	B	87083	50336
2092	P	87125	175124
2093	B	87167	49023
2094	P	87208	149960
2095	B	87250	69544
2096	B	87292	59169
2097	P	87333	83742
2098	P	87375	129872
2099	P	87417	132910
2100	P	87458	113108
2101	P	87500	120040
2102	P	87542	131496
2103	P	87583	94603
2104	I	87625	180915
2105	P	87667	97117
2106	P	87708	148004
2107	P	87750	104703
2108	P	87792	126130
2109	P	87833	114466
2110	P	87875	112514
2111	P	87917	112003
2112	P	87958	121705
2113	P	88000	117380
2114	I	88042	140401
2115	P	88083	133210
2116	I	88125	141467
2117	P	88167	125203
2118	P	88208	144609
2119	P	88250	125993
2120	I	88292	188336
2121	B	88333	6048
2122	B	88375	21531
2123	B	88417	10241
2124	P	88458	60121
2125	B	88500	14004
2126	B	88542	23721
2127	B	88583	12994
2128	P	88625	54896
2129	P	88667	111215
2130	P	88708	99783
2131	P	88750	150788
2132	P	88792	153093
2133	P	88833	130232
2134	P	88875	145200
2135	I	88917	150446
2136	P	88958	125876
2137	P	89000	112975
2138	P	89042	102208
2139	P	89083	121873
2140	P	89125	140946
2141	P	89167	118584
2142	P	89208	122440
2143	P	89250	120900
2144	P	89292	122927
2145	P	89333	119086
2146	I	89375	55135
2147	P	89417	14989
2148	P	89458	59489
2149	P	89500	75690
2150	P	89542	38958
2151	I	89583	95760
2152	P	89625	37938
2153	P	89667	51650
2154	P	89708	34043
2155	P	89750	25298
2156	I	89792	43299
2157	P	89833	37299
2158	B	89875	40435
2159	P	89917	44944
2160	P	89958	56441
2161	P	90000	42951
2162	P	90042	39113
2163	P	90083	43552
2164	P	90125	43072
2165	I	90167	74836
2166	P	90208	63758
2167	P	90250	59298
2168	P	90292	56405
2169	P	90333	68377
2170	P	90375	97748
2171	I	90417	101580
2172	P	90458	69660
2173	P	90500	88378
2174	I	90542	137060
2175	P	90583	114226
2176	P	90625	91102
2177	P	90667	110453
2178	P	90708	128489
2179	P	90750	125025
2180	P	90792	96538
2181	I	90833	77565
2182	P	90875	78282
2183	P	90917	64814
2184	P	90958	66134
2185	P	91000	65114
2186	I	91042	164163
2187	P	91083	135242
2188	P	91125	128760
2189	P	91167	119284
2190	I	91208	196909
2191	P	91250	157694
2192	P	91292	142123
2193	I	91333	153817
2194	P	91375	156847
2195	P	91417	145949
2196	P	91458	198116
2197	P	91500	173417
2198	I	91542	175153
2199	P	91583	144224
2200	P	91625	132879
2201	P	91667	184022
2202	P	91708	125443
2203	P	91750	135101
2204	P	91792	119620
2205	P	91833	125576
2206	P	91875	147022
2207	I	91917	189156
2208	P	91958	128336
2209	P	92000	175962
2210	P	92042	138462
2211	P	92083	149422
2212	P	92125	180218
2213	P	92167	149687
2214	B	92208	342
2215	B	92250	341
2216	B	92292	67
2217	P	92333	83
2218	B	92375	67
2219	B	92417	69
2220	B	92458	67
2221	P	92500	75
2222	B	92542	67
2223	B	92583	67
2224	P	92625	75
2225	I	92667	413
2226	B	92708	67
2227	B	92750	67
2228	B	92792	67
2229	P	92833	69
2230	B	92875	67
2231	B	92917	69
2232	B	92958	67
2233	P	93000	75
2234	B	93042	67
2235	B	93083	277
2236	P	93125	1979
2237	P	93167	23270
2238	P	93208	43674
2239	I	93250	76536
2240	P	93292	74560
2241	P	93333	111007
2242	P	93375	114067
2243	P	93417	147434
2244	P	93458	173890
2245	B	93500	128570
2246	P	93542	212170
2247	P	93583	200842
2248	B	93625	74740
2249	B	93667	138458
2250	B	93708	96632
2251	P	93750	194225
2252	B	93792	100972
2253	B	93833	142734
2254	B	93875	75422
2255	P	93917	186171
2256	P	93958	138668
2257	I	94000	277736
2258	B	94042	84079
2259	B	94083	126717
2260	B	94125	60500
2261	P	94167	178976
2262	B	94208	109986
2263	B	94250	123725
2264	P	94292	160325
2265	I	94333	163957
2266	B	94375	45397
2267	P	94417	88068
2268	B	94458	48246
2269	P	94500	98929
2270	B	94542	54291
2271	P	94583	105023
2272	B	94625	109915
2273	P	94667	159927
2274	B	94708	87493
2275	P	94750	161690
2276	B	94792	107021
2277	P	94833	152345
2278	B	94875	71178
2279	P	94917	130718
2280	B	94958	74048
2281	P	95000	133193
2282	B	95042	70124
2283	P	95083	127466
2284	B	95125	65993
2285	P	95167	127215
2286	B	95208	85995
2287	P	95250	127165
2288	P	95292	128527
2289	I	95333	219747
2290	B	95375	84155
2291	P	95417	128702
2292	B	95458	97201
2293	P	95500	171902
2294	P	95542	104780
2295	B	95583	61466
2296	B	95625	46691
2297	P	95667	113001
2298	B	95708	42527
2299	P	95750	102172
2300	P	95792	101851
2301	B	95833	86726
2302	P	95875	158433
2303	P	95917	118946
2304	P	95958	76480
2305	P	96000	146564
2306	B	96042	83033
2307	P	96083	165116
2308	P	96125	116443
2309	B	96167	78093
2310	P	96208	167096
2311	P	96250	121868
2312	B	96292	49801
2313	P	96333	114628
2314	B	96375	50598
2315	P	96417	122319
2316	P	96458	135642
2317	B	96500	76652
2318	P	96542	168741
2319	B	96583	78672
2320	P	96625	172009
2321	I	96667	215103
2322	P	96708	116938
2323	P	96750	102416
2324	B	96792	45562
2325	P	96833	123424
2326	B	96875	61934
2327	P	96917	177494
2328	B	96958	61017
2329	P	97000	137913
2330	B	97042	47283
2331	P	97083	142785
2332	B	97125	56475
2333	B	97167	66706
2334	P	97208	175012
2335	B	97250	74599
2336	P	97292	175628
2337	B	97333	94886
2338	P	97375	171258
2339	B	97417	91549
2340	P	97458	167769
2341	B	97500	82015
2342	B	97542	76510
2343	P	97583	159288
2344	B	97625	34252
2345	P	97667	122877
2346	B	97708	61489
2347	P	97750	133198
2348	B	97792	54575
2349	P	97833	134352
2350	B	97875	50678
2351	P	97917	129126
2352	P	97958	107542
2353	I	98000	242290
2354	B	98042	32624
2355	P	98083	90743
2356	B	98125	30271
2357	P	98167	126508
2358	B	98208	56899
2359	P	98250	166476
2360	B	98292	64234
2361	P	98333	165193
2362	B	98375	66993
2363	P	98417	170633
2364	B	98458	46664
2365	P	98500	134487
2366	B	98542	43238
2367	B	98583	72836
2368	P	98625	177898
2369	B	98667	75328
2370	P	98708	145616
2371	B	98750	69288
2372	B	98792	87870
2373	P	98833	144695
2374	I	98875	180330
2375	B	98917	41628
2376	B	98958	57758
2377	P	99000	164261
2378	B	99042	55822
2379	B	99083	77155
2380	P	99125	140908
2381	B	99167	80255
2382	P	99208	154980
2383	B	99250	26108
2384	P	99292	93207
2385	B	99333	27343
2386	P	99375	162480
2387	B	99417	35997
2388	P	99458	105948
2389	B	99500	73441
2390	P	99542	170878
2391	B	99583	63817
2392	P	99625	122191
2393	B	99667	269
2394	B	99708	267
2395	B	99750	67
2396	P	99792	83
2397	B	99833	67
2398	B	99875	69
2399	B	99917	67
2400	P	99958	75
2401	B	100000	67
2402	B	100042	69
2403	B	100083	67
2404	P	100125	75
2405	P	100167	75
2406	I	100208	413
2407	B	100250	67
2408	B	100292	141
2409	P	100333	160
2410	I	100375	171325
2411	B	100417	67616
2412	P	100458	121600
2413	B	100500	83861
2414	P	100542	140757
2415	P	100583	119601
2416	P	100625	155164
2417	B	100667	100812
2418	P	100708	164560
2419	B	100750	63040
2420	P	100792	145690
2421	B	100833	63345
2422	P	100875	146915
2423	B	100917	66495
2424	P	100958	145718
2425	B	101000	67941
2426	P	101042	144770
2427	B	101083	62230
2428	P	101125	148887
2429	B	101167	66656
2430	P	101208	140540
2431	B	101250	69084
2432	P	101292	119631
2433	I	101333	160586
2434	B	101375	73314
2435	P	101417	111189
2436	B	101458	48641
2437	P	101500	119555
2438	B	101542	114599
2439	P	101583	155469
2440	P	101625	107229
2441	P	101667	79145
2442	I	101708	174524
2443	B	101750	71720
2444	P	101792	139525
2445	B	101833	90015
2446	P	101875	158976
2447	P	101917	133827
2448	B	101958	142240
2449	P	102000	191525
2450	P	102042	135473
2451	P	102083	141053
2452	P	102125	123796
2453	P	102167	111076
2454	P	102208	105452
2455	P	102250	111561
2456	P	102292	114202
2457	P	102333	112790
2458	P	102375	100637
2459	P	102417	96417
2460	P	102458	120295
2461	P	102500	116780
2462	P	102542	136324
2463	P	102583	151094
2464	I	102625	216715
2465	P	102667	170300
2466	P	102708	154535
2467	P	102750	137686
2468	P	102792	148498
2469	P	102833	114075
2470	P	102875	116279
2471	P	102917	145167
2472	P	102958	110882
2473	P	103000	96766
2474	P	103042	139835
2475	P	103083	76126
2476	I	103125	37220
2477	P	103167	8657
2478	B	103208	10390
2479	B	103250	10600
2480	B	103292	11002
2481	P	103333	14458
2482	P	103375	15925
2483	P	103417	26338
2484	P	103458	45391
2485	P	103500	74847
2486	P	103542	108872
2487	P	103583	122690
2488	P	103625	150340
2489	P	103667	203334
2490	P	103708	190855
2491	P	103750	164898
2492	P	103792	164827
2493	P	103833	149089
2494	P	103875	150571
2495	I	103917	115530
2496	P	103958	119439
2497	P	104000	131260
2498	P	104042	87881
2499	P	104083	145792
2500	P	104125	123261
2501	P	104167	102113
2502	P	104208	115455
2503	P	104250	95803
2504	P	104292	106334
2505	P	104333	82406
2506	P	104375	78143
2507	I	104417	162815
2508	P	104458	126940
2509	P	104500	151876
2510	P	104542	105803
2511	P	104583	110533
2512	P	104625	117621
2513	P	104667	105406
2514	P	104708	115856
2515	P	104750	127548
2516	P	104792	121990
2517	P	104833	136350
2518	P	104875	137088
2519	P	104917	122681
2520	P	104958	132514
2521	P	105000	134969
2522	P	105042	116452
2523	P	105083	158384
2524	P	105125	126353
2525	P	105167	127024
2526	I	105208	191640
2527	P	105250	134346
2528	P	105292	137233
2529	P	105333	96548
2530	I	105375	64841
2531	P	105417	59884
2532	P	105458	75689
2533	P	105500	89303
2534	P	105542	71598
2535	P	105583	86373
2536	P	105625	81648
2537	P	105667	68514
2538	P	105708	51125
2539	P	105750	54258
2540	P	105792	61982
2541	I	105833	28042
2542	B	105875	2192
2543	B	105917	5392
2544	B	105958	1762
2545	P	106000	10343
2546	B	106042	2850
2547	B	106083	5700
2548	B	106125	2346
2549	P	106167	13302
2550	B	106208	4193
2551	B	106250	7511
2552	B	106292	4740
2553	P	106333	14548
2554	B	106375	4568
2555	B	106417	7726
2556	B	106458	4033
2557	P	106500	12261
2558	I	106542	35615
2559	B	106583	4616
2560	B	106625	6996
2561	B	106667	8797
2562	P	106708	30854
2563	B	106750	4753
2564	B	106792	8582
2565	B	106833	5143
2566	P	106875	16694
2567	B	106917	4955
2568	B	106958	8585
2569	B	107000	4474
2570	P	107042	14265
2571	B	107083	4418
2572	B	107125	7337
2573	B	107167	3493
2574	P	107208	10469
2575	B	107250	4290
2576	P	107292	4722
2577	I	107333	347085
2578	P	107375	201273
2579	P	107417	182014
2580	P	107458	220718
2581	P	107500	198417
2582	P	107542	233306
2583	P	107583	196238
2584	P	107625	218917
2585	P	107667	196035
2586	P	107708	174669
2587	P	107750	129260
2588	P	107792	145531
2589	P	107833	169001
2590	P	107875	115437
2591	P	107917	153077
2592	P	107958	103886
2593	P	108000	120113
2594	P	108042	138338
2595	P	108083	177603
2596	P	108125	144046
2597	P	108167	150616
2598	P	108208	137991
2599	P	108250	128130
2600	P	108292	140555
2601	P	108333	164275
2602	I	108375	226597
2603	B	108417	28349
2604	P	108458	79542
2605	P	108500	95294
2606	P	108542	129198
2607	P	108583	121268
2608	P	108625	100887
2609	P	108667	100589
2610	P	108708	88862
2611	P	108750	87522
2612	P	108792	83464
2613	P	108833	78023
2614	P	108875	66508
2615	P	108917	57311
2616	I	108958	68629
2617	P	109000	57089
2618	P	109042	50463
2619	B	109083	43656
2620	P	109125	50038
2621	P	109167	50005
2622	P	109208	44136
2623	I	109250	125444
2624	P	109292	46235
2625	B	109333	31009
2626	P	109375	33698
2627	P	109417	118994
2628	P	109458	115792
2629	P	109500	109969
2630	P	109542	39965
2631	P	109583	109106
2632	P	109625	46955
2633	P	109667	35797
2634	I	109708	138967
2635	P	109750	113882
2636	P	109792	102913
2637	I	109833	44514
2638	B	109875	25031
2639	P	109917	27427
2640	P	109958	56879
2641	P	110000	92674
2642	P	110042	133556
2643	P	110083	136016
2644	P	110125	123285
2645	P	110167	114322
2646	P	110208	118186
2647	P	110250	121965
2648	P	110292	114627
2649	P	110333	113804
2650	P	110375	111934
2651	P	110417	116671
2652	P	110458	114825
2653	P	110500	113772
2654	I	110542	117498
2655	P	110583	103993
2656	P	110625	149712
2657	I	110667	164327
2658	P	110708	160251
2659	I	110750	183350
2660	P	110792	165284
2661	P	110833	115485
2662	P	110875	135865
2663	P	110917	106016
2664	P	110958	111080
2665	P	111000	109121
2666	P	111042	118803
2667	P	111083	124734
2668	P	111125	143530
2669	P	111167	130887
2670	P	111208	105367
2671	P	111250	111780
2672	P	111292	131268
2673	I	111333	144719
2674	P	111375	98163
2675	P	111417	105389
2676	P	111458	105129
2677	P	111500	104341
2678	P	111542	107409
2679	P	111583	96266
2680	P	111625	126335
2681	P	111667	106935
2682	P	111708	120668
2683	P	111750	59494
2684	P	111792	91509
2685	P	111833	92435
2686	I	111875	154179
2687	P	111917	96612
2688	P	111958	86043
2689	P	112000	119665
2690	P	112042	109451
2691	P	112083	111401
2692	P	112125	100577
2693	P	112167	99629
2694	P	112208	105473
2695	I	112250	177484
2696	B	112292	16891
2697	P	112333	41926
2698	B	112375	19727
2699	P	112417	76908
2700	B	112458	32598
2701	P	112500	100220
2702	B	112542	37688
2703	P	112583	106319
2704	B	112625	51573
2705	P	112667	124885
2706	P	112708	89421
2707	P	112750	89731
2708	P	112792	80991
2709	I	112833	245487
2710	B	112875	22282
2711	B	112917	54444
2712	B	112958	23041
2713	P	113000	129906
2714	B	113042	30661
2715	B	113083	75002
2716	B	113125	37731
2717	P	113167	166102
2718	B	113208	44516
2719	B	113250	72186
2720	B	113292	39873
2721	P	113333	107941
2722	I	113375	51817
2723	P	113417	42782
2724	P	113458	63140
2725	P	113500	66124
2726	P	113542	65305
2727	P	113583	69467
2728	P	113625	62053
2729	P	113667	62149
2730	P	113708	78212
2731	P	113750	75124
2732	P	113792	79071
2733	P	113833	58701
2734	I	113875	176074
2735	B	113917	111980
2736	P	113958	153877
2737	P	114000	114650
2738	P	114042	141805
2739	P	114083	129098
2740	P	114125	127442
2741	P	114167	129282
2742	P	114208	129347
2743	P	114250	132686
2744	P	114292	134464
2745	P	114333	154631
2746	P	114375	128183
2747	I	114417	361105
2748	B	114458	34918
2749	B	114500	94625
2750	B	114542	51273
2751	P	114583	228941
2752	B	114625	49547
2753	B	114667	127013
2754	B	114708	33050
2755	P	114750	176935
2756	I	114792	183736
2757	P	114833	183103
2758	P	114875	178621
2759	B	114917	78117
2760	P	114958	159239
2761	P	115000	146829
2762	P	115042	109100
2763	I	115083	86896
2764	P	115125	90907
2765	P	115167	82454
2766	P	115208	105079
2767	P	115250	86869
2768	P	115292	104009
2769	P	115333	75395
2770	P	115375	99745
2771	I	115417	150062
2772	P	115458	66573
2773	P	115500	59739
2774	P	115542	77331
2775	P	115583	115019
2776	P	115625	134624
2777	B	115667	50688
2778	P	115708	103100
2779	P	115750	62102
2780	I	115792	88637
2781	P	115833	79914
2782	P	115875	90335
2783	P	115917	94845
2784	P	115958	85037
2785	P	116000	85780
2786	I	116042	105418
2787	P	116083	98451
2788	P	116125	149355
2789	P	116167	137522
2790	P	116208	130726
2791	P	116250	124560
2792	P	116292	122735
2793	P	116333	116481
2794	P	116375	111491
2795	P	116417	112312
2796	P	116458	101187
2797	P	116500	100887
2798	P	116542	100052
2799	P	116583	103565
2800	P	116625	79539
2801	P	116667	46501
2802	I	116708	45622
2803	P	116750	35026
2804	P	116792	26760
2805	B	116833	112
2806	B	116875	110
2807	B	116917	67
2808	P	116958	83
2809	B	117000	67
2810	B	117042	69
2811	B	117083	67
2812	P	117125	75
2813	B	117167	67
2814	B	117208	69
2815	B	117250	67
2816	P	117292	75
2817	B	117333	67
2818	B	117375	69
2819	B	117417	67
2820	P	117458	75
2821	B	117500	67
2822	B	117542	69
2823	B	117583	67
2824	P	117625	75
2825	B	117667	67
2826	B	117708	69
2827	B	117750	67
2828	P	117792	75
2829	B	117833	67
2830	B	117875	69
2831	B	117917	67
2832	P	117958	75
2833	P	118000	75
2834	I	118042	413
2835	B	118083	67
2836	B	118125	67
2837	B	118167	67
2838	P	118208	69
2839	B	118250	67
2840	B	118292	69
2841	B	118333	67
2842	P	118375	75
2843	I	118417	210520
2844	P	118458	197888
2845	P	118500	180950
2846	P	118542	157475
2847	P	118583	146634
2848	P	118625	156922
2849	P	118667	196492
2850	P	118708	189729
2851	P	118750	208349
2852	P	118792	223335
2853	P	118833	184899
2854	P	118875	174435
2855	P	118917	183268
2856	P	118958	179811
2857	P	119000	162471
2858	P	119042	178279
2859	P	119083	161771
2860	P	119125	163852
2861	I	119167	199454
2862	P	119208	153257
2863	P	119250	161718
2864	P	119292	124869
2865	I	119333	115194
2866	P	119375	88979
2867	P	119417	102591
2868	P	119458	63843
2869	P	119500	94513
2870	P	119542	107566
2871	P	119583	99194
2872	P	119625	94279
2873	P	119667	91422
2874	P	119708	83570
2875	P	119750	80480
2876	P	119792	82907
2877	P	119833	90676
2878	P	119875	99046
2879	P	119917	102969
2880	P	119958	107054
2881	P	120000	105648
2882	P	120042	110271
2883	P	120083	97202
2884	P	120125	94494
2885	P	120167	117252
2886	P	120208	81066
2887	P	120250	107247
2888	P	120292	114149
2889	P	120333	109424
2890	P	120375	85064
2891	P	120417	98925
2892	I	120458	142268
2893	P	120500	129363
2894	P	120542	114495
2895	P	120583	131515
2896	P	120625	113002
2897	P	120667	111168
2898	P	120708	115894
2899	P	120750	98376
2900	P	120792	133950
2901	P	120833	127254
2902	B	120875	93018
2903	P	120917	119649
2904	B	120958	311
2905	B	121000	263
2906	B	121042	67
2907	P	121083	161
2908	B	121125	67
2909	B	121167	103
2910	B	121208	67
2911	P	121250	90
2912	I	121292	278890
2913	P	121333	230978
2914	P	121375	208661
2915	I	121417	196193
2916	B	121458	60019
2917	P	121500	96667
2918	P	121542	124392
2919	P	121583	124576
2920	P	121625	134857
2921	P	121667	137494
2922	B	121708	42208
2923	P	121750	88938
2924	P	121792	140374
2925	P	121833	137317
2926	B	121875	81072
2927	P	121917	146812
2928	B	121958	91320
2929	P	122000	189557
2930	P	122042	132279
2931	P	122083	126826
2932	B	122125	55335
2933	P	122167	143148
2934	B	122208	60997
2935	P	122250	133968
2936	B	122292	48660
2937	P	122333	124047
2938	B	122375	60387
2939	P	122417	145573
2940	B	122458	76145
2941	P	122500	131220
2942	B	122542	61899
2943	P	122583	113972
2944	I	122625	272376
2945	P	122667	144982
2946	B	122708	39141
2947	P	122750	95797
2948	B	122792	41995
2949	P	122833	121060
2950	B	122875	38044
2951	P	122917	105794
2952	B	122958	39356
2953	P	123000	118446
2954	B	123042	181
2955	B	123083	175
2956	B	123125	67
2957	P	123167	83
2958	B	123208	67
2959	B	123250	69
2960	B	123292	67
2961	P	123333	75
2962	B	123375	67
2963	B	123417	69
2964	B	123458	67
2965	P	123500	75
2966	B	123542	67
2967	B	123583	69
2968	B	123625	67
2969	P	123667	75
2970	B	123708	67
2971	B	123750	69
2972	B	123792	67
2973	P	123833	75
2974	B	123875	67
2975	P	123917	76
2976	I	123958	430
2977	P	124000	69
2978	P	124042	90336
2979	B	124083	18214
2980	B	124125	34140
2981	B	124167	26937
2982	P	124208	49394
2983	B	124250	28630
2984	B	124292	37999
2985	B	124333	26707
2986	P	124375	57676
2987	B	124417	30579
2988	B	124458	46913
2989	B	124500	33433
2990	P	124542	69271
2991	B	124583	35287
2992	B	124625	45789
2993	B	124667	38132
2994	P	124708	68442
2995	B	124750	38247
2996	B	124792	51528
2997	B	124833	37171
2998	P	124875	76934
2999	B	124917	40934
3000	B	124958	62213
3001	B	125000	43057
3002	P	125042	88112
3003	B	125083	40861
3004	P	125125	72040
3005	B	125167	43696
3006	P	125208	74688
3007	P	125250	60448
3008	I	125292	145109
3009	B	125333	51093
3010	B	125375	71542
3011	B	125417	55472
3012	P	125458	104295
3013	B	125500	52062
3014	P	125542	91362
3015	B	125583	49745
3016	B	125625	28617
3017	P	125667	89261
3018	B	125708	58835
3019	P	125750	101010
3020	B	125792	55317
3021	P	125833	97690
3022	B	125875	61170
3023	P	125917	99354
3024	B	125958	53669
3025	B	126000	38954
3026	P	126042	98134
3027	B	126083	62929
3028	P	126125	102688
3029	B	126167	59639
3030	B	126208	81877
3031	P	126250	112730
3032	B	126292	61488
3033	B	126333	80168
3034	B	126375	55116
3035	P	126417	114469
3036	B	126458	58511
3037	B	126500	77414
3038	B	126542	55845
3039	P	126583	116749
3040	I	126625	203098
3041	B	126667	55109
3042	B	126708	69031
3043	B	126750	47576
3044	P	126792	105292
3045	B	126833	49337
3046	B	126875	65546
3047	B	126917	43622
3048	P	126958	91105
3049	B	127000	47694
3050	B	127042	68993
3051	B	127083	46451
3052	P	127125	93139
3053	P	127167	40651
3054	I	127208	15613
3055	B	127250	3556
3056	B	127292	6893
3057	B	127333	5497
3058	P	127375	12285
3059	B	127417	5977
3060	B	127458	7938
3061	B	127500	3924
3062	P	127542	13922
3063	B	127583	4016
3064	B	127625	7920
3065	B	127667	4856
3066	P	127708	14206
3067	B	127750	4108
3068	B	127792	7144
3069	B	127833	4517
3070	P	127875	13252
3071	P	127917	6530
3072	I	127958	28607
3073	B	128000	7473
3074	B	128042	13435
3075	P	128083	23849
3076	B	128125	6168
3077	B	128167	8558
3078	B	128208	4556
3079	P	128250	15566
3080	B	128292	5038
3081	B	128333	8317
3082	B	128375	5982
3083	P	128417	15894
3084	B	128458	4705
3085	B	128500	10096
3086	B	128542	4850
3087	P	128583	15833
3088	B	128625	6064
3089	B	128667	8176
3090	B	128708	4592
3091	P	128750	15351
3092	B	128792	4473
3093	B	128833	8014
3094	B	128875	5550
3095	P	128917	14084
3096	B	128958	4630
3097	B	129000	8132
3098	B	129042	4800
3099	P	129083	12814
3100	P	129125	6021
3101	I	129167	32112
3102	B	129208	4388
3103	B	129250	8798
3104	B	129292	5550
3105	P	129333	18245
3106	B	129375	5700
3107	B	129417	8356
3108	B	129458	3655
3109	P	129500	17021
3110	B	129542	3890
3111	B	129583	7952
3112	B	129625	5587
3113	P	129667	17310
3114	B	129708	4144
3115	B	129750	10281
3116	B	129792	4102
3117	P	129833	18042
3118	B	129875	5544
3119	B	129917	8134
3120	B	129958	3960
3121	P	130000	17803
3122	B	130042	4245
3123	B	130083	7985
3124	B	130125	5240
3125	P	130167	17400
3126	B	130208	4662
3127	B	130250	9806
3128	B	130292	3912
3129	P	130333	18024
3130	B	130375	5213
3131	B	130417	8725
3132	P	130458	10570
3133	I	130500	40781
3134	B	130542	3864
3135	B	130583	8594
3136	B	130625	4662
3137	P	130667	12650
3138	P	130708	4953
3139	I	130750	202428
3140	B	130792	4250
3141	B	130833	5588
3142	B	130875	2049
3143	P	130917	21922
3144	B	130958	918
3145	B	131000	2310
3146	B	131042	831
3147	P	131083	8912
3148	B	131125	585
3149	B	131167	1609
3150	B	131208	569
3151	P	131250	7188
3152	B	131292	2940
3153	B	131333	4955
3154	B	131375	1729
3155	P	131417	15987
3156	B	131458	1290
3157	B	131500	2544
3158	B	131542	1061
3159	P	131583	8518
3160	B	131625	683
3161	B	131667	1844
3162	B	131708	750
3163	P	131750	6733
3164	P	131792	803
3165	I	131833	208524
3166	B	131875	1750
3167	B	131917	3132
3168	B	131958	1364
3169	P	132000	9588
3170	B	132042	979
3171	B	132083	3602
3172	B	132125	2656
3173	P	132167	3375
3174	B	132208	865
3175	B	132250	865
3176	B	132292	67
3177	P	132333	337
3178	B	132375	67
3179	B	132417	69
3180	B	132458	67
3181	P	132500	75
3182	P	132542	75
