1	I	0	567
2	B	42	31
3	B	83	31
4	B	125	31
5	P	167	32
6	B	208	31
7	B	250	32
8	B	292	31
9	P	333	35
10	B	375	31
11	B	417	32
12	B	458	31
13	P	500	35
14	B	542	76
15	B	583	1380
16	B	625	10122
17	P	667	17312
18	P	708	26202
19	P	750	33161
20	P	792	39272
21	P	833	43554
22	P	875	48773
23	P	917	53986
24	P	958	53518
25	P	1000	54624
26	P	1042	57857
27	P	1083	61393
28	P	1125	62316
29	P	1167	57266
30	P	1208	70798
31	P	1250	62431
32	P	1292	95995
33	I	1333	115715
34	B	1375	29093
35	P	1417	53605
36	P	1458	55088
37	P	1500	71641
38	B	1542	29444
39	P	1583	57805
40	B	1625	35780
41	P	1667	67033
42	B	1708	33739
43	P	1750	65313
44	P	1792	51310
45	P	1833	52746
46	P	1875	53037
47	P	1917	49955
48	P	1958	50811
49	P	2000	53024
50	P	2042	46105
51	P	2083	46436
52	P	2125	53658
53	P	2167	65079
54	P	2208	50280
55	P	2250	49202
56	P	2292	53910
57	P	2333	55216
58	P	2375	56463
59	P	2417	54180
60	P	2458	54442
61	P	2500	51082
62	P	2542	51580
63	P	2583	48999
64	P	2625	44792
65	I	2667	100775
66	P	2708	41815
67	P	2750	38951
68	P	2792	38912
69	P	2833	38303
70	P	2875	38401
71	P	2917	37354
72	P	2958	37639
73	P	3000	40626
74	P	3042	37880
75	P	3083	37146
76	P	3125	35519
77	P	3167	37839
78	P	3208	38125
79	P	3250	36728
80	P	3292	29909
81	I	3333	51599
82	P	3375	35243
83	P	3417	39219
84	P	3458	42392
85	P	3500	41700
86	P	3542	41834
87	P	3583	44797
88	P	3625	59619
89	P	3667	49409
90	P	3708	42358
91	P	3750	44155
92	P	3792	43843
93	P	3833	42313
94	P	3875	55612
95	P	3917	47055
96	P	3958	51287
97	I	4000	61298
98	P	4042	48809
99	P	4083	36896
100	P	4125	47926
101	P	4167	43477
102	P	4208	54946
103	P	4250	42100
104	P	4292	52880
105	P	4333	41427
106	P	4375	39966
107	P	4417	39229
108	P	4458	42369
109	P	4500	57557
110	P	4542	46128
111	P	4583	56200
112	P	4625	47461
113	P	4667	64832
114	P	4708	48389
115	P	4750	61546
116	P	4792	55002
117	P	4833	39624
118	I	4875	121538
119	B	4917	37612
120	B	4958	62736
121	B	5000	33656
122	P	5042	92024
123	B	5083	46785
124	B	5125	52164
125	P	5167	89368
126	B	5208	42889
127	P	5250	60040
128	P	5292	45348
129	P	5333	90544
130	P	5375	72458
131	P	5417	64862
132	P	5458	75265
133	P	5500	52980
134	P	5542	57289
135	P	5583	66561
136	P	5625	72347
137	P	5667	59335
138	P	5708	62205
139	P	5750	47173
140	P	5792	63240
141	P	5833	66568
142	P	5875	51300
143	P	5917	65349
144	P	5958	47782
145	P	6000	38598
146	P	6042	66136
147	I	6083	68127
148	P	6125	48572
149	P	6167	51444
150	B	6208	20267
151	P	6250	37719
152	B	6292	24579
153	P	6333	58083
154	B	6375	22003
155	P	6417	51153
156	B	6458	26997
157	P	6500	61332
158	B	6542	19768
159	P	6583	52747
160	B	6625	39945
161	P	6667	86168
162	B	6708	31486
163	P	6750	76381
164	B	6792	20632
165	P	6833	51919
166	B	6875	24840
167	P	6917	62614
168	B	6958	23963
169	P	7000	66156
170	B	7042	25656
171	P	7083	59405
172	B	7125	16793
173	P	7167	67650
174	B	7208	28768
175	P	7250	63030
176	B	7292	28582
177	P	7333	63436
178	P	7375	58527
179	I	7417	113542
180	B	7458	24323
181	P	7500	51157
182	B	7542	23653
183	P	7583	58992
184	B	7625	29999
185	P	7667	49485
186	I	7708	79961
187	B	7750	9841
188	P	7792	31361
189	B	7833	10026
190	P	7875	49042
191	B	7917	14119
192	P	7958	64827
193	B	8000	16279
194	P	8042	60074
195	B	8083	17253
196	P	8125	64885
197	B	8167	35160
198	P	8208	99441
199	P	8250	62499
200	P	8292	60490
201	B	8333	12472
202	B	8375	22563
203	P	8417	83102
204	B	8458	17193
205	B	8500	27645
206	P	8542	95258
207	B	8583	29747
208	P	8625	97507
209	B	8667	17888
210	P	8708	60233
211	I	8750	138157
212	B	8792	12095
213	B	8833	31490
214	B	8875	14505
215	P	8917	79272
216	B	8958	14884
217	B	9000	24226
218	B	9042	15601
219	P	9083	82974
220	B	9125	17704
221	B	9167	31079
222	B	9208	18584
223	P	9250	84877
224	B	9292	11876
225	B	9333	39485
226	B	9375	14511
227	P	9417	103055
228	B	9458	19618
229	B	9500	33853
230	B	9542	13616
231	P	9583	92461
232	B	9625	6984
233	B	9667	31616
234	B	9708	19968
235	P	9750	95747
236	B	9792	21192
237	B	9833	35762
238	B	9875	21445
239	P	9917	91458
240	B	9958	17444
241	B	10000	42724
242	P	10042	52923
243	I	10083	160164
244	B	10125	25735
245	B	10167	47597
246	B	10208	23316
247	P	10250	80702
248	B	10292	28197
249	B	10333	50231
250	B	10375	20911
251	P	10417	57393
252	I	10458	86760
253	P	10500	38182
254	B	10542	29557
255	P	10583	46168
256	P	10625	40775
257	P	10667	76979
258	P	10708	42467
259	P	10750	47190
260	P	10792	52636
261	P	10833	52903
262	B	10875	20777
263	P	10917	49286
264	P	10958	54942
265	P	11000	57928
266	B	11042	36013
267	B	11083	27978
268	P	11125	63302
269	P	11167	47384
270	P	11208	47586
271	P	11250	50127
272	P	11292	67818
273	B	11333	28592
274	P	11375	52570
275	I	11417	104296
276	B	11458	18357
277	P	11500	36638
278	P	11542	38237
279	B	11583	19219
280	P	11625	51829
281	P	11667	46223
282	P	11708	42672
283	P	11750	50686
284	P	11792	44714
285	P	11833	40100
286	I	11875	69986
287	P	11917	56144
288	P	11958	49142
289	P	12000	45850
290	P	12042	35098
291	P	12083	48750
292	P	12125	56044
293	P	12167	37515
294	P	12208	47391
295	P	12250	48398
296	P	12292	52391
297	P	12333	50101
298	P	12375	32300
299	P	12417	43540
300	P	12458	37016
301	P	12500	67132
302	P	12542	46859
303	P	12583	30949
304	P	12625	43716
305	P	12667	58244
306	P	12708	46750
307	I	12750	65234
308	P	12792	34704
309	P	12833	38696
310	P	12875	49611
311	P	12917	56317
312	P	12958	40477
313	B	13000	18459
314	P	13042	38248
315	P	13083	72734
316	P	13125	57406
317	P	13167	52991
318	P	13208	40914
319	P	13250	53796
320	P	13292	57944
321	P	13333	47523
322	P	13375	43883
323	P	13417	39048
324	P	13458	38833
325	P	13500	54259
326	P	13542	39555
327	P	13583	52317
328	P	13625	39091
329	P	13667	43472
330	P	13708	38808
331	P	13750	55466
332	P	13792	51082
333	P	13833	49588
334	P	13875	38950
335	P	13917	51220
336	I	13958	93656
337	B	14000	7822
338	P	14042	47956
339	B	14083	12514
340	P	14125	56344
341	B	14167	38992
342	P	14208	87934
343	B	14250	35065
344	P	14292	78556
345	B	14333	26137
346	P	14375	77248
347	B	14417	13953
348	P	14458	58384
349	B	14500	16723
350	P	14542	60446
351	B	14583	15405
352	P	14625	71318
353	B	14667	18302
354	P	14708	59671
355	P	14750	74865
356	P	14792	73400
357	P	14833	63823
358	P	14875	53544
359	P	14917	49485
360	P	14958	58693
361	P	15000	70756
362	P	15042	39028
363	P	15083	54734
364	P	15125	51557
365	P	15167	51764
366	P	15208	49519
367	I	15250	62227
368	P	15292	55231
369	P	15333	60678
370	I	15375	75308
371	P	15417	65274
372	P	15458	75983
373	P	15500	67099
374	P	15542	71101
375	I	15583	76235
376	P	15625	53137
377	P	15667	51380
378	P	15708	43344
379	P	15750	37419
380	P	15792	28954
381	P	15833	15010
382	P	15875	17461
383	P	15917	14936
384	B	15958	1188
385	B	16000	572
386	B	16042	187
387	P	16083	84
388	B	16125	31
389	B	16167	32
390	B	16208	31
391	P	16250	38
392	B	16292	31
393	B	16333	36
394	B	16375	31
395	P	16417	36
396	B	16458	31
397	B	16500	31
398	P	16542	37
399	I	16583	234
400	B	16625	706
401	B	16667	3487
402	B	16708	7780
403	P	16750	11032
404	P	16792	17696
405	P	16833	17137
406	P	16875	25461
407	P	16917	24077
408	P	16958	33967
409	P	17000	32829
410	P	17042	37886
411	P	17083	37934
412	P	17125	44051
413	P	17167	59324
414	P	17208	52935
415	P	17250	56538
416	B	17292	36745
417	P	17333	51708
418	B	17375	38779
419	P	17417	47347
420	B	17458	37497
421	P	17500	50960
422	B	17542	37777
423	P	17583	49731
424	B	17625	50530
425	P	17667	68379
426	P	17708	42657
427	B	17750	48845
428	P	17792	71006
429	B	17833	39200
430	P	17875	73148
431	I	17917	84600
432	B	17958	32978
433	P	18000	46121
434	B	18042	36110
435	P	18083	44931
436	B	18125	46528
437	P	18167	67314
438	B	18208	36390
439	P	18250	66575
440	B	18292	44264
441	P	18333	58396
442	B	18375	38448
443	P	18417	44465
444	P	18458	34131
445	I	18500	101317
446	B	18542	32780
447	B	18583	34366
448	B	18625	45541
449	P	18667	100496
450	B	18708	53348
451	B	18750	69317
452	B	18792	40787
453	P	18833	82441
454	B	18875	42104
455	B	18917	44520
456	P	18958	73542
457	B	19000	61235
458	B	19042	84576
459	B	19083	47956
460	P	19125	102399
461	B	19167	63053
462	P	19208	67573
463	I	19250	129840
464	P	19292	1752
465	P	19333	77058
466	I	19375	113468
467	P	19417	80375
468	P	19458	68376
469	P	19500	68561
470	P	19542	45242
471	P	19583	57088
472	P	19625	44793
473	P	19667	40891
474	P	19708	44464
475	I	19750	88336
476	P	19792	76658
477	P	19833	63952
478	B	19875	45568
479	P	19917	60835
480	P	19958	67030
481	P	20000	43433
482	P	20042	65318
483	P	20083	54784
484	P	20125	67530
485	P	20167	56131
486	P	20208	64472
487	P	20250	68786
488	B	20292	44332
489	P	20333	72035
490	B	20375	34118
491	P	20417	72232
492	B	20458	31826
493	P	20500	63608
494	P	20542	51740
495	I	20583	111535
496	B	20625	33501
497	P	20667	69691
498	B	20708	32411
499	P	20750	53679
500	P	20792	41580
501	I	20833	59901
502	P	20875	36266
503	P	20917	40104
504	P	20958	47096
505	P	21000	40898
506	P	21042	47088
507	P	21083	42799
508	P	21125	45987
509	P	21167	38243
510	P	21208	49749
511	P	21250	41401
512	P	21292	40087
513	I	21333	49694
514	P	21375	38147
515	P	21417	36283
516	I	21458	43108
517	P	21500	32678
518	P	21542	27584
519	P	21583	30149
520	P	21625	28132
521	P	21667	26858
522	P	21708	30745
523	P	21750	20632
524	P	21792	17447
525	P	21833	16354
526	P	21875	18125
527	P	21917	18104
528	P	21958	20733
529	P	22000	27683
530	P	22042	28470
531	P	22083	27329
532	P	22125	30917
533	P	22167	32123
534	P	22208	30099
535	P	22250	34710
536	P	22292	32104
537	P	22333	49760
538	P	22375	48908
539	P	22417	50432
540	P	22458	47096
541	P	22500	42867
542	P	22542	41286
543	P	22583	42622
544	I	22625	44092
545	I	22667	58872
546	B	22708	30359
547	P	22750	39424
548	P	22792	38342
549	P	22833	39229
550	P	22875	41941
551	P	22917	45905
552	P	22958	46387
553	P	23000	44982
554	P	23042	46406
555	P	23083	43444
556	P	23125	40759
557	P	23167	37591
558	P	23208	33812
559	P	23250	32997
560	P	23292	34556
561	I	23333	95835
562	P	23375	42128
563	P	23417	45947
564	P	23458	57086
565	P	23500	81106
566	P	23542	60498
567	P	23583	54183
568	P	23625	53586
569	P	23667	47740
570	P	23708	68751
571	P	23750	52430
572	P	23792	45788
573	P	23833	45622
574	P	23875	59854
575	P	23917	44486
576	P	23958	49752
577	P	24000	40983
578	P	24042	38740
579	P	24083	37839
580	P	24125	37023
581	P	24167	33184
582	P	24208	23845
583	P	24250	21916
584	P	24292	19862
585	P	24333	27784
586	P	24375	28508
587	P	24417	32064
588	P	24458	35361
589	P	24500	34439
590	P	24542	39841
591	P	24583	42844
592	I	24625	49450
593	P	24667	39435
594	P	24708	38072
595	P	24750	36947
596	P	24792	37638
597	I	24833	103728
598	B	24875	50029
599	P	24917	68165
600	B	24958	39531
601	P	25000	59263
602	P	25042	76536
603	P	25083	74414
604	P	25125	54798
605	P	25167	55619
606	P	25208	81170
607	P	25250	39483
608	P	25292	55525
609	P	25333	84302
610	I	25375	86367
611	P	25417	70213
612	P	25458	63101
613	P	25500	58201
614	P	25542	56797
615	P	25583	57761
616	P	25625	61216
617	P	25667	76464
618	P	25708	64834
619	P	25750	63781
620	P	25792	64965
621	P	25833	60369
622	P	25875	56619
623	P	25917	53106
624	P	25958	46999
625	I	26000	47914
626	P	26042	38740
627	I	26083	52833
628	P	26125	42663
629	P	26167	38244
630	P	26208	35793
631	P	26250	42874
632	P	26292	50733
633	P	26333	55240
634	P	26375	52016
635	P	26417	56063
636	P	26458	59348
637	P	26500	48908
638	P	26542	51954
639	P	26583	48678
640	P	26625	38662
641	P	26667	32302
642	I	26708	67423
643	P	26750	49793
644	P	26792	39052
645	I	26833	60719
646	P	26875	38696
647	P	26917	42614
648	P	26958	49258
649	P	27000	51879
650	P	27042	53944
651	P	27083	48879
652	P	27125	68612
653	P	27167	58641
654	P	27208	53907
655	I	27250	79493
656	B	27292	29069
657	P	27333	50363
658	P	27375	49047
659	P	27417	48485
660	P	27458	45386
661	P	27500	50484
662	P	27542	49944
663	P	27583	45367
664	P	27625	41637
665	P	27667	36666
666	P	27708	34505
667	P	27750	38313
668	P	27792	43397
669	P	27833	44127
670	P	27875	38605
671	I	27917	53621
672	P	27958	47628
673	P	28000	42272
674	P	28042	35869
675	P	28083	34385
676	P	28125	36634
677	P	28167	39353
678	P	28208	42140
679	P	28250	45018
680	P	28292	46789
681	P	28333	46567
682	P	28375	48068
683	P	28417	49860
684	P	28458	53992
685	P	28500	56896
686	P	28542	77600
687	P	28583	65491
688	P	28625	86500
689	P	28667	69554
690	B	28708	45333
691	P	28750	66122
692	P	28792	59703
693	P	28833	47489
694	I	28875	77425
695	B	28917	23648
696	P	28958	44755
697	B	29000	23908
698	P	29042	47078
699	B	29083	21065
700	P	29125	43864
701	B	29167	38080
702	P	29208	68672
703	P	29250	57923
704	B	29292	29338
705	P	29333	53264
706	P	29375	47490
707	B	29417	20398
708	P	29458	38530
709	P	29500	32738
710	P	29542	35798
711	I	29583	95447
712	P	29625	37701
713	P	29667	70186
714	P	29708	58397
715	P	29750	50220
716	P	29792	62005
717	P	29833	55174
718	B	29875	18535
719	P	29917	52392
720	B	29958	19037
721	P	30000	65566
722	B	30042	31792
723	P	30083	53547
724	P	30125	69985
725	P	30167	60720
726	P	30208	52158
727	P	30250	67479
728	P	30292	43216
729	P	30333	30570
730	P	30375	45966
731	P	30417	49763
732	P	30458	40781
733	P	30500	48628
734	P	30542	49352
735	I	30583	61258
736	P	30625	42658
737	P	30667	57749
738	P	30708	35013
739	I	30750	81744
740	P	30792	46220
741	B	30833	17348
742	P	30875	32750
743	P	30917	54320
744	P	30958	56403
745	P	31000	55104
746	P	31042	51568
747	P	31083	53637
748	P	31125	47659
749	P	31167	39508
750	P	31208	48757
751	P	31250	53910
752	P	31292	52055
753	P	31333	53354
754	P	31375	44577
755	P	31417	50779
756	P	31458	50496
757	P	31500	40714
758	I	31542	68923
759	P	31583	41926
760	P	31625	43401
761	P	31667	48001
762	P	31708	43595
763	P	31750	38755
764	P	31792	48794
765	P	31833	21482
766	P	31875	33297
767	P	31917	32553
768	P	31958	28623
769	P	32000	37024
770	P	32042	32151
771	I	32083	67044
772	P	32125	51410
773	P	32167	46756
774	P	32208	49396
775	P	32250	38575
776	I	32292	50330
777	P	32333	37318
778	P	32375	43819
779	P	32417	42057
780	P	32458	36438
781	P	32500	38100
782	P	32542	36111
783	P	32583	42453
784	P	32625	38001
785	P	32667	36484
786	P	32708	34856
787	P	32750	36235
788	P	32792	38301
789	P	32833	39811
790	P	32875	44367
791	P	32917	46207
792	P	32958	50199
793	P	33000	46710
794	P	33042	46868
795	I	33083	65016
796	P	33125	46536
797	P	33167	49895
798	P	33208	54375
799	P	33250	50272
800	P	33292	50531
801	P	33333	62896
802	P	33375	65354
803	P	33417	55329
804	P	33458	55388
805	P	33500	49372
806	P	33542	45802
807	P	33583	52392
808	P	33625	45698
809	P	33667	46080
810	B	33708	28112
811	P	33750	43913
812	P	33792	34629
813	I	33833	91480
814	B	33875	22214
815	P	33917	39610
816	P	33958	41279
817	P	34000	64385
818	P	34042	52436
819	P	34083	51931
820	P	34125	40652
821	P	34167	36240
822	P	34208	35012
823	P	34250	36301
824	P	34292	35576
825	P	34333	37621
826	P	34375	38418
827	P	34417	36964
828	P	34458	41431
829	P	34500	39056
830	P	34542	38226
831	P	34583	46872
832	P	34625	36273
833	I	34667	68138
834	P	34708	32630
835	P	34750	35202
836	B	34792	26959
837	P	34833	35252
838	P	34875	34606
839	P	34917	62654
840	P	34958	48835
841	P	35000	40039
842	I	35042	110728
843	B	35083	28952
844	B	35125	52370
845	B	35167	22365
846	P	35208	77419
847	B	35250	47690
848	P	35292	89730
849	P	35333	76520
850	P	35375	54178
851	P	35417	61653
852	B	35458	39307
853	P	35500	54725
854	P	35542	73139
855	P	35583	51796
856	P	35625	62032
857	I	35667	72061
858	P	35708	38840
859	P	35750	57401
860	P	35792	60284
861	P	35833	61849
862	B	35875	24127
863	P	35917	56743
864	B	35958	24505
865	P	36000	62514
866	B	36042	20126
867	P	36083	68936
868	B	36125	33403
869	B	36167	307
870	B	36208	53
871	P	36250	39
872	B	36292	31
873	B	36333	32
874	B	36375	31
875	P	36417	35
876	B	36458	31
877	B	36500	32
878	B	36542	31
879	P	36583	35
880	B	36625	31
881	B	36667	32
882	B	36708	31
883	P	36750	35
884	B	36792	31
885	B	36833	32
886	B	36875	31
887	P	36917	35
888	P	36958	35
889	I	37000	194
890	B	37042	31
891	B	37083	31
892	B	37125	31
893	P	37167	32
894	B	37208	31
895	B	37250	32
896	B	37292	31
897	P	37333	35
898	B	37375	31
899	B	37417	32
900	B	37458	31
901	P	37500	35
902	B	37542	31
903	B	37583	32
904	B	37625	31
905	P	37667	35
906	B	37708	31
907	B	37750	32
908	B	37792	31
909	P	37833	35
910	B	37875	31
911	B	37917	32
912	B	37958	31
913	P	38000	35
914	B	38042	31
915	B	38083	32
916	B	38125	31
917	P	38167	35
918	B	38208	31
919	B	38250	31
920	P	38292	35
921	I	38333	194
922	B	38375	31
923	B	38417	31
924	B	38458	31
925	P	38500	32
926	B	38542	31
927	B	38583	144
928	B	38625	2025
929	P	38667	13284
930	P	38708	21771
931	P	38750	36968
932	P	38792	43832
933	P	38833	57730
934	P	38875	61919
935	P	38917	72422
936	P	38958	74180
937	P	39000	77132
938	P	39042	77232
939	P	39083	88398
940	B	39125	61073
941	P	39167	106367
942	P	39208	110894
943	B	39250	57293
944	P	39292	112222
945	B	39333	41025
946	P	39375	96660
947	B	39417	40669
948	P	39458	100954
949	B	39500	40604
950	B	39542	39166
951	P	39583	91558
952	P	39625	47664
953	I	39667	146311
954	B	39708	48069
955	P	39750	102818
956	B	39792	49289
957	P	39833	104596
958	B	39875	26438
959	P	39917	77762
960	B	39958	20903
961	B	40000	15889
962	P	40042	64540
963	B	40083	18833
964	P	40125	64416
965	B	40167	26043
966	P	40208	88751
967	B	40250	23689
968	B	40292	33124
969	P	40333	84984
970	B	40375	25504
971	P	40417	80559
972	B	40458	22853
973	B	40500	30123
974	P	40542	93640
975	B	40583	19894
976	B	40625	27077
977	P	40667	87982
978	B	40708	20264
979	B	40750	25838
980	P	40792	92085
981	B	40833	20993
982	B	40875	29196
983	P	40917	96819
984	P	40958	57600
985	I	41000	157791
986	B	41042	14806
987	B	41083	31845
988	B	41125	18977
989	P	41167	70997
990	B	41208	18400
991	B	41250	20393
992	P	41292	79280
993	B	41333	17105
994	B	41375	23613
995	P	41417	88876
996	B	41458	20236
997	B	41500	47721
998	B	41542	22521
999	P	41583	94103
1000	B	41625	23377
1001	B	41667	38784
1002	B	41708	18620
1003	P	41750	71733
1004	B	41792	17260
1005	P	41833	37531
1006	I	41875	72857
1007	P	41917	34783
1008	P	41958	51313
1009	B	42000	30117
1010	P	42042	58579
1011	P	42083	46947
1012	P	42125	51096
1013	P	42167	55525
1014	P	42208	48123
1015	P	42250	49415
1016	B	42292	38616
1017	P	42333	81645
1018	P	42375	56762
1019	B	42417	32213
1020	P	42458	57787
1021	B	42500	32218
1022	P	42542	56109
1023	B	42583	31540
1024	P	42625	46772
1025	P	42667	63563
1026	B	42708	21350
1027	P	42750	49418
1028	B	42792	20936
1029	P	42833	54301
1030	B	42875	22664
1031	P	42917	54335
1032	B	42958	37680
1033	P	43000	92134
1034	P	43042	58053
1035	B	43083	34023
1036	P	43125	89119
1037	P	43167	42183
1038	I	43208	120992
1039	P	43250	69612
1040	B	43292	26109
1041	P	43333	55699
1042	P	43375	31567
1043	I	43417	81816
1044	B	43458	21096
1045	B	43500	41896
1046	B	43542	35317
1047	P	43583	82496
1048	B	43625	33846
1049	B	43667	54156
1050	B	43708	37782
1051	P	43750	79737
1052	B	43792	29759
1053	B	43833	46289
1054	B	43875	24577
1055	P	43917	68075
1056	B	43958	28416
1057	B	44000	45218
1058	B	44042	25941
1059	P	44083	73244
1060	B	44125	26718
1061	B	44167	49233
1062	B	44208	32816
1063	P	44250	76236
1064	B	44292	31321
1065	B	44333	46114
1066	B	44375	34049
1067	P	44417	56947
1068	P	44458	28448
1069	I	44500	37726
1070	B	44542	11099
1071	B	44583	18829
1072	B	44625	10885
1073	P	44667	27441
1074	B	44708	14585
1075	B	44750	22007
1076	B	44792	14365
1077	P	44833	31763
1078	B	44875	18289
1079	B	44917	21287
1080	B	44958	14746
1081	P	45000	29591
1082	B	45042	15409
1083	B	45083	22157
1084	B	45125	15741
1085	P	45167	31740
1086	B	45208	16094
1087	B	45250	24859
1088	B	45292	16774
1089	P	45333	35153
1090	B	45375	19137
1091	B	45417	22198
1092	B	45458	15176
1093	P	45500	30934
1094	B	45542	15484
1095	B	45583	22312
1096	B	45625	16022
1097	P	45667	31089
1098	B	45708	15626
1099	B	45750	21577
1100	P	45792	25029
1101	I	45833	48794
1102	B	45875	17570
1103	B	45917	23279
1104	B	45958	20146
1105	P	46000	30282
1106	B	46042	18724
1107	B	46083	23696
1108	B	46125	18457
1109	P	46167	25201
1110	B	46208	18267
1111	B	46250	22624
1112	B	46292	15548
1113	P	46333	17827
1114	B	46375	11565
1115	P	46417	8990
1116	B	46458	2258
1117	B	46500	120
1118	P	46542	214
1119	B	46583	1640
1120	B	46625	3818
1121	B	46667	4895
1122	P	46708	7491
1123	B	46750	6137
1124	P	46792	10128
1125	B	46833	8994
1126	B	46875	9825
1127	P	46917	15072
1128	B	46958	11187
1129	B	47000	15864
1130	B	47042	12675
1131	P	47083	20350
1132	P	47125	14532
1133	I	47167	24257
1134	B	47208	14048
1135	B	47250	20288
1136	B	47292	14547
1137	P	47333	25666
1138	B	47375	16188
1139	B	47417	18406
1140	B	47458	14687
1141	P	47500	27645
1142	B	47542	12248
1143	B	47583	16319
1144	B	47625	12818
1145	P	47667	23160
1146	B	47708	12186
1147	B	47750	17651
1148	B	47792	13378
1149	P	47833	23940
1150	B	47875	15050
1151	B	47917	18982
1152	B	47958	15282
1153	P	48000	26943
1154	B	48042	11263
1155	B	48083	14952
1156	B	48125	11536
1157	P	48167	19986
1158	B	48208	11011
1159	B	48250	15987
1160	B	48292	11011
1161	P	48333	21549
1162	B	48375	10879
1163	B	48417	14591
1164	P	48458	16165
1165	I	48500	29953
1166	B	48542	6951
1167	B	48583	7911
1168	B	48625	144
1169	P	48667	35
1170	B	48708	31
1171	B	48750	32
1172	B	48792	31
1173	P	48833	35
1174	B	48875	89
1175	B	48917	203
1176	P	48958	4470
1177	P	49000	13022
1178	P	49042	18389
1179	P	49083	24085
1180	P	49125	27597
1181	I	49167	34324
1182	P	49208	47696
1183	P	49250	45360
1184	I	49292	66466
1185	P	49333	56990
1186	P	49375	72814
1187	P	49417	60685
1188	P	49458	79146
1189	P	49500	59028
1190	P	49542	47566
1191	P	49583	56000
1192	P	49625	55433
1193	P	49667	49311
1194	P	49708	80114
1195	P	49750	66381
1196	P	49792	78879
1197	P	49833	80447
1198	P	49875	83280
1199	P	49917	79468
1200	P	49958	94119
1201	P	50000	96046
1202	P	50042	76742
1203	P	50083	82112
1204	P	50125	81822
1205	P	50167	85550
1206	P	50208	86892
1207	P	50250	81164
1208	P	50292	83291
1209	P	50333	138984
1210	B	50375	26694
1211	B	50417	36143
1212	P	50458	84730
1213	B	50500	27313
1214	B	50542	35859
1215	P	50583	88908
1216	I	50625	152498
1217	B	50667	12752
1218	B	50708	41675
1219	P	50750	67598
1220	B	50792	14094
1221	B	50833	27037
1222	P	50875	82528
1223	B	50917	20551
1224	B	50958	15198
1225	P	51000	56251
1226	P	51042	46327
1227	B	51083	18871
1228	B	51125	30416
1229	P	51167	64381
1230	I	51208	107018
1231	B	51250	24744
1232	P	51292	91279
1233	P	51333	68782
1234	B	51375	18704
1235	B	51417	15982
1236	P	51458	74942
1237	B	51500	26228
1238	B	51542	48294
1239	B	51583	23235
1240	P	51625	92327
1241	B	51667	26584
1242	P	51708	70781
1243	B	51750	30221
1244	P	51792	87329
1245	P	51833	63866
1246	B	51875	21536
1247	P	51917	42378
1248	I	51958	102596
1249	I	52000	30335
1250	P	52042	26292
1251	P	52083	30052
1252	P	52125	29813
1253	P	52167	28993
1254	P	52208	30048
1255	P	52250	33186
1256	P	52292	33709
1257	P	52333	29966
1258	P	52375	28537
1259	P	52417	31827
1260	P	52458	30477
1261	P	52500	33099
1262	P	52542	31306
1263	P	52583	24911
1264	P	52625	24962
1265	P	52667	42822
1266	P	52708	69874
1267	P	52750	103825
1268	P	52792	78472
1269	I	52833	54273
1270	P	52875	28032
1271	P	52917	34791
1272	B	52958	58
1273	B	53000	58
1274	B	53042	31
1275	P	53083	39
1276	B	53125	31
1277	B	53167	32
1278	B	53208	31
1279	P	53250	35
1280	B	53292	31
1281	B	53333	32
1282	B	53375	31
1283	P	53417	35
1284	B	53458	31
1285	B	53500	32
1286	B	53542	31
1287	P	53583	35
1288	B	53625	33
1289	B	53667	126
1290	B	53708	1852
1291	P	53750	5427
1292	P	53792	13280
1293	P	53833	15838
1294	P	53875	26831
1295	P	53917	28339
1296	P	53958	40106
1297	P	54000	47339
1298	P	54042	44224
1299	P	54083	53863
1300	I	54125	70772
1301	P	54167	62916
1302	P	54208	69320
1303	P	54250	70128
1304	P	54292	79077
1305	P	54333	77567
1306	B	54375	44075
1307	P	54417	78193
1308	P	54458	47512
1309	P	54500	42071
1310	B	54542	31630
1311	P	54583	60334
1312	B	54625	26352
1313	P	54667	52105
1314	B	54708	34229
1315	P	54750	54521
1316	B	54792	40766
1317	B	54833	30328
1318	P	54875	59700
1319	B	54917	37315
1320	B	54958	33712
1321	P	55000	57079
1322	B	55042	49138
1323	P	55083	84934
1324	B	55125	40054
1325	P	55167	81615
1326	B	55208	45548
1327	P	55250	69040
1328	B	55292	52957
1329	P	55333	83079
1330	B	55375	46344
1331	P	55417	79921
1332	I	55458	92802
1333	P	55500	37188
1334	I	55542	197056
1335	B	55583	16058
1336	B	55625	46608
1337	B	55667	27804
1338	P	55708	137556
1339	B	55750	13996
1340	B	55792	48221
1341	B	55833	15722
1342	P	55875	131999
1343	B	55917	19739
1344	B	55958	27697
1345	B	56000	11036
1346	P	56042	118647
1347	B	56083	12068
1348	B	56125	30267
1349	B	56167	18054
1350	P	56208	124926
1351	B	56250	13515
1352	B	56292	43426
1353	B	56333	12825
1354	P	56375	144674
1355	B	56417	17678
1356	B	56458	30765
1357	B	56500	11824
1358	P	56542	127870
1359	B	56583	13023
1360	B	56625	30539
1361	B	56667	19859
1362	P	56708	144517
1363	P	56750	59725
1364	I	56792	232708
1365	B	56833	12224
1366	B	56875	30255
1367	B	56917	18323
1368	P	56958	107144
1369	B	57000	12997
1370	B	57042	42549
1371	B	57083	14914
1372	P	57125	125802
1373	B	57167	19436
1374	B	57208	31659
1375	B	57250	14407
1376	P	57292	115608
1377	B	57333	19457
1378	B	57375	43260
1379	B	57417	22726
1380	P	57458	120091
1381	B	57500	16115
1382	B	57542	53683
1383	B	57583	20327
1384	P	57625	108680
1385	B	57667	25844
1386	B	57708	48183
1387	B	57750	21337
1388	P	57792	78718
1389	B	57833	23165
1390	P	57875	62281
1391	B	57917	28233
1392	P	57958	57119
1393	B	58000	33508
1394	P	58042	48200
1395	P	58083	39253
1396	I	58125	42088
1397	B	58167	4964
1398	B	58208	392
1399	B	58250	45
1400	P	58292	35
1401	B	58333	35
1402	B	58375	90
1403	B	58417	1424
1404	P	58458	5080
1405	B	58500	727
1406	B	58542	957
1407	B	58583	327
1408	P	58625	2438
1409	B	58667	1393
1410	B	58708	2313
1411	B	58750	952
1412	P	58792	5742
1413	B	58833	1050
1414	B	58875	1873
1415	B	58917	1072
1416	P	58958	3625
1417	B	59000	1184
1418	B	59042	1806
1419	B	59083	943
1420	P	59125	3466
1421	B	59167	889
1422	B	59208	1671
1423	B	59250	846
1424	P	59292	3227
1425	B	59333	930
1426	B	59375	1776
1427	P	59417	2352
1428	I	59458	7228
1429	B	59500	1233
1430	B	59542	1736
1431	B	59583	907
1432	P	59625	3283
1433	B	59667	916
1434	B	59708	1489
1435	B	59750	802
1436	P	59792	2577
1437	B	59833	778
1438	P	59875	1067
1439	I	59917	59584
1440	B	59958	48867
1441	P	60000	61971
1442	B	60042	44826
1443	P	60083	65598
1444	P	60125	77187
1445	P	60167	17393
1446	P	60208	39474
1447	P	60250	63710
1448	P	60292	128226
1449	P	60333	81225
1450	P	60375	94964
1451	P	60417	111289
1452	P	60458	86561
1453	P	60500	82788
1454	P	60542	133405
1455	P	60583	125016
1456	P	60625	122680
1457	P	60667	126585
1458	P	60708	97981
1459	I	60750	70227
1460	P	60792	32319
1461	P	60833	30361
1462	P	60875	24368
1463	P	60917	27050
1464	P	60958	20950
1465	P	61000	24017
1466	P	61042	18978
1467	P	61083	15911
1468	I	61125	51158
1469	P	61167	20407
1470	B	61208	24249
1471	P	61250	32399
1472	B	61292	36851
1473	P	61333	56017
1474	P	61375	48973
1475	P	61417	68731
1476	P	61458	51148
1477	P	61500	68324
1478	P	61542	63929
1479	P	61583	71067
1480	P	61625	65007
1481	P	61667	79073
1482	P	61708	65171
1483	P	61750	77602
1484	P	61792	66512
1485	P	61833	56535
1486	P	61875	29632
1487	P	61917	32925
1488	P	61958	34752
1489	P	62000	31693
1490	I	62042	46803
1491	P	62083	36632
1492	P	62125	37075
1493	P	62167	48979
1494	P	62208	39953
1495	P	62250	40816
1496	P	62292	38162
1497	P	62333	41991
1498	P	62375	43032
1499	P	62417	42380
1500	P	62458	43617
1501	P	62500	48933
1502	I	62542	57923
1503	B	62583	12190
1504	B	62625	31907
1505	B	62667	20119
1506	P	62708	47957
1507	B	62750	27281
1508	B	62792	35290
1509	B	62833	32747
1510	P	62875	59897
1511	B	62917	25024
1512	B	62958	40743
1513	P	63000	47932
1514	B	63042	42533
1515	P	63083	59811
1516	B	63125	33041
1517	P	63167	57490
1518	B	63208	41914
1519	P	63250	47714
1520	P	63292	41468
1521	I	63333	61963
1522	P	63375	42376
1523	B	63417	23872
1524	P	63458	34172
1525	P	63500	40449
1526	P	63542	35224
1527	P	63583	31236
1528	P	63625	42579
1529	P	63667	36168
1530	P	63708	34484
1531	P	63750	48897
1532	P	63792	43784
1533	B	63833	26697
1534	P	63875	41685
1535	B	63917	29584
1536	P	63958	37196
1537	P	64000	54120
1538	P	64042	33106
1539	B	64083	30661
1540	P	64125	43963
1541	P	64167	46931
1542	P	64208	68935
1543	P	64250	49332
1544	P	64292	43648
1545	P	64333	50513
1546	P	64375	71329
1547	P	64417	50419
1548	P	64458	52085
1549	P	64500	70972
1550	P	64542	51597
1551	B	64583	43213
1552	P	64625	70314
1553	I	64667	71783
1554	B	64708	32598
1555	P	64750	45773
1556	B	64792	34022
1557	P	64833	43067
1558	P	64875	32776
1559	I	64917	78627
1560	B	64958	35920
1561	P	65000	79485
1562	B	65042	43743
1563	P	65083	82379
1564	B	65125	47100
1565	B	65167	55136
1566	P	65208	95280
1567	B	65250	43849
1568	P	65292	77289
1569	B	65333	53572
1570	P	65375	94225
1571	B	65417	50959
1572	B	65458	69046
1573	P	65500	104635
1574	B	65542	50067
1575	B	65583	65290
1576	B	65625	40273
1577	P	65667	90696
1578	B	65708	41169
1579	B	65750	37792
1580	P	65792	70892
1581	B	65833	49802
1582	P	65875	95811
1583	B	65917	50437
1584	P	65958	97505
1585	I	66000	132759
1586	B	66042	17878
1587	P	66083	29479
1588	P	66125	28814
1589	I	66167	39404
1590	B	66208	12173
1591	B	66250	10449
1592	P	66292	18045
1593	B	66333	18287
1594	B	66375	27272
1595	B	66417	15435
1596	P	66458	33035
1597	B	66500	21803
1598	B	66542	21877
1599	P	66583	30657
1600	P	66625	30708
1601	P	66667	28439
1602	P	66708	20457
1603	B	66750	5386
1604	B	66792	3054
1605	P	66833	281
1606	I	66875	16105
1607	P	66917	16756
1608	P	66958	17614
1609	P	67000	23710
1610	B	67042	24864
1611	P	67083	28980
1612	B	67125	27258
1613	P	67167	30509
1614	I	67208	92830
1615	P	67250	74929
1616	P	67292	70869
1617	P	67333	93104
1618	P	67375	82120
1619	P	67417	80494
1620	P	67458	67443
1621	P	67500	70621
1622	P	67542	52468
1623	P	67583	48831
1624	P	67625	38283
1625	P	67667	34494
1626	P	67708	30762
1627	P	67750	25342
1628	P	67792	33889
1629	P	67833	17300
1630	P	67875	9881
1631	P	67917	10950
1632	P	67958	29448
1633	P	68000	27239
1634	P	68042	25413
1635	P	68083	31876
1636	P	68125	41632
1637	I	68167	58580
1638	P	68208	42878
1639	B	68250	36164
1640	P	68292	40796
1641	I	68333	23147
1642	P	68375	18659
1643	P	68417	18258
1644	P	68458	24085
1645	P	68500	22830
1646	P	68542	18614
1647	P	68583	18769
1648	P	68625	23819
1649	P	68667	20308
1650	P	68708	18770
1651	P	68750	25446
1652	P	68792	19746
1653	P	68833	17595
1654	P	68875	16647
1655	P	68917	16048
1656	P	68958	15475
1657	P	69000	22111
1658	P	69042	16990
1659	P	69083	14882
1660	P	69125	16167
1661	P	69167	21874
1662	P	69208	18401
1663	P	69250	22260
1664	P	69292	20150
1665	P	69333	28253
1666	P	69375	41991
1667	P	69417	48363
1668	I	69458	66046
1669	P	69500	56712
1670	P	69542	52712
1671	P	69583	50892
1672	P	69625	49733
1673	P	69667	46732
1674	P	69708	54348
1675	P	69750	44980
1676	B	69792	34171
1677	P	69833	44153
1678	B	69875	37113
1679	P	69917	46762
1680	P	69958	57522
1681	P	70000	52820
1682	P	70042	61613
1683	P	70083	56664
1684	P	70125	56734
1685	B	70167	35904
1686	P	70208	61588
1687	P	70250	70066
1688	P	70292	82418
1689	P	70333	68414
1690	P	70375	75556
1691	P	70417	76561
1692	P	70458	78693
1693	P	70500	72520
1694	P	70542	93081
1695	P	70583	88168
1696	P	70625	94595
1697	P	70667	88190
1698	B	70708	32965
1699	P	70750	84347
1700	I	70792	125438
1701	P	70833	80091
1702	P	70875	66707
1703	B	70917	59986
1704	B	70958	154
1705	B	71000	31
1706	P	71042	43
1707	B	71083	31
1708	B	71125	125
1709	B	71167	124
1710	P	71208	6192
1711	P	71250	21987
1712	P	71292	35387
1713	P	71333	47745
1714	P	71375	63565
1715	P	71417	65354
1716	P	71458	62562
1717	P	71500	89093
1718	P	71542	90163
1719	B	71583	39366
1720	B	71625	62155
1721	B	71667	34221
1722	P	71708	95686
1723	B	71750	30227
1724	B	71792	53891
1725	B	71833	38456
1726	P	71875	95251
1727	B	71917	38923
1728	B	71958	53766
1729	B	72000	32666
1730	P	72042	80561
1731	P	72083	45644
1732	I	72125	127666
1733	B	72167	34235
1734	B	72208	53098
1735	B	72250	33976
1736	P	72292	69700
1737	B	72333	25067
1738	B	72375	40864
1739	P	72417	51739
1740	I	72458	98617
1741	B	72500	23681
1742	B	72542	53501
1743	B	72583	30073
1744	P	72625	89895
1745	B	72667	28664
1746	B	72708	58810
1747	B	72750	40193
1748	P	72792	101529
1749	B	72833	26558
1750	B	72875	45002
1751	P	72917	94357
1752	B	72958	29297
1753	B	73000	47179
1754	B	73042	28136
1755	P	73083	76790
1756	B	73125	27969
1757	B	73167	44399
1758	B	73208	21331
1759	P	73250	72685
1760	B	73292	24606
1761	B	73333	43288
1762	B	73375	18784
1763	P	73417	64547
1764	I	73458	104944
1765	I	73500	27032
1766	P	73542	30156
1767	P	73583	25335
1768	P	73625	27704
1769	P	73667	32757
1770	P	73708	27857
1771	P	73750	27862
1772	P	73792	26576
1773	P	73833	28501
1774	P	73875	29949
1775	P	73917	31344
1776	P	73958	32213
1777	P	74000	36659
1778	P	74042	47474
1779	P	74083	41950
1780	P	74125	41215
1781	P	74167	50314
1782	P	74208	42465
1783	P	74250	42811
1784	P	74292	43366
1785	P	74333	56081
1786	P	74375	44020
1787	P	74417	41239
1788	P	74458	56195
1789	P	74500	44183
1790	P	74542	38433
1791	P	74583	33636
1792	I	74625	146856
1793	B	74667	40552
1794	B	74708	74779
1795	B	74750	27517
1796	P	74792	148244
1797	B	74833	34205
1798	B	74875	56936
1799	B	74917	31746
1800	P	74958	103860
1801	B	75000	30198
1802	B	75042	34174
1803	P	75083	90235
1804	B	75125	29410
1805	B	75167	34203
1806	P	75208	92158
1807	B	75250	28739
1808	P	75292	70381
1809	B	75333	21918
1810	P	75375	66843
1811	B	75417	18688
1812	P	75458	69360
1813	B	75500	23747
1814	P	75542	87255
1815	B	75583	20934
1816	B	75625	32937
1817	B	75667	22392
1818	P	75708	79317
1819	B	75750	26872
1820	B	75792	43028
1821	B	75833	23515
1822	P	75875	105295
1823	P	75917	54280
1824	I	75958	140248
1825	B	76000	21296
1826	B	76042	38170
1827	B	76083	21033
1828	P	76125	89090
1829	B	76167	19260
1830	B	76208	42896
1831	B	76250	17978
1832	P	76292	104865
1833	B	76333	23703
1834	B	76375	39188
1835	B	76417	16182
1836	P	76458	94390
1837	B	76500	17370
1838	B	76542	31793
1839	B	76583	17382
1840	P	76625	98356
1841	B	76667	20474
1842	B	76708	44424
1843	B	76750	20699
1844	P	76792	118569
1845	B	76833	23307
1846	B	76875	39263
1847	B	76917	20600
1848	P	76958	98370
1849	B	77000	20654
1850	B	77042	40288
1851	B	77083	20940
1852	P	77125	108231
1853	B	77167	23908
1854	B	77208	50310
1855	P	77250	74897
1856	I	77292	209327
1857	B	77333	20846
1858	B	77375	31096
1859	B	77417	16062
1860	P	77458	77398
1861	B	77500	20175
1862	B	77542	33568
1863	B	77583	19956
1864	P	77625	98732
1865	B	77667	22779
1866	B	77708	45429
1867	B	77750	24888
1868	P	77792	113964
1869	B	77833	24430
1870	B	77875	42983
1871	B	77917	24819
1872	P	77958	96620
1873	B	78000	23848
1874	B	78042	46882
1875	B	78083	18697
1876	P	78125	56661
1877	I	78167	83966
1878	B	78208	26464
1879	B	78250	25378
1880	P	78292	51391
1881	B	78333	37428
1882	P	78375	74932
1883	B	78417	27899
1884	P	78458	76591
1885	B	78500	36279
1886	P	78542	72685
1887	B	78583	31446
1888	B	78625	26464
1889	P	78667	65904
1890	B	78708	26141
1891	B	78750	18503
1892	P	78792	53891
1893	B	78833	23609
1894	B	78875	14823
1895	P	78917	54502
1896	B	78958	29594
1897	P	79000	49816
1898	I	79042	82558
1899	B	79083	19925
1900	B	79125	15659
1901	P	79167	45363
1902	B	79208	19887
1903	B	79250	25860
1904	P	79292	78590
1905	B	79333	27178
1906	B	79375	37285
1907	B	79417	15936
1908	P	79458	71736
1909	B	79500	32380
1910	B	79542	24137
1911	P	79583	59919
1912	B	79625	20303
1913	P	79667	53136
1914	B	79708	26744
1915	B	79750	33316
1916	P	79792	75836
1917	B	79833	35128
1918	B	79875	32295
1919	P	79917	50817
1920	I	79958	104933
1921	P	80000	96890
1922	B	80042	11434
1923	P	80083	44365
1924	B	80125	22318
1925	P	80167	61736
1926	B	80208	23681
1927	P	80250	56345
1928	B	80292	23134
1929	P	80333	78083
1930	B	80375	40656
1931	B	80417	30392
1932	P	80458	57435
1933	P	80500	51885
1934	P	80542	54866
1935	I	80583	76082
1936	P	80625	45608
1937	P	80667	58078
1938	P	80708	44351
1939	P	80750	52869
1940	P	80792	42972
1941	P	80833	52056
1942	P	80875	45862
1943	P	80917	49990
1944	P	80958	41761
1945	P	81000	46892
1946	P	81042	40832
1947	P	81083	44875
1948	P	81125	51185
1949	P	81167	37193
1950	P	81208	47266
1951	I	81250	63999
1952	P	81292	43794
1953	P	81333	11580
1954	P	81375	6083
1955	P	81417	7994
1956	P	81458	4928
1957	P	81500	8359
1958	P	81542	8992
1959	P	81583	10845
1960	P	81625	14062
1961	P	81667	16872
1962	P	81708	20498
1963	P	81750	24308
1964	P	81792	27052
1965	P	81833	27414
1966	P	81875	30251
1967	P	81917	28504
1968	P	81958	28340
1969	P	82000	77392
1970	P	82042	99055
1971	P	82083	98172
1972	P	82125	124678
1973	P	82167	109506
1974	P	82208	92963
1975	P	82250	70167
1976	P	82292	90923
1977	P	82333	86463
1978	P	82375	85041
1979	P	82417	86925
1980	P	82458	100532
1981	P	82500	83986
1982	I	82542	76800
1983	P	82583	52495
1984	I	82625	77077
1985	B	82667	5344
1986	B	82708	13039
1987	B	82750	6524
1988	P	82792	33613
1989	P	82833	36485
1990	B	82875	26912
1991	B	82917	45368
1992	B	82958	22120
1993	P	83000	61085
1994	P	83042	34854
1995	I	83083	80229
1996	B	83125	24257
1997	P	83167	36806
1998	B	83208	30112
1999	P	83250	41768
2000	B	83292	29473
2001	P	83333	46532
2002	P	83375	45711
2003	P	83417	51438
2004	P	83458	46954
2005	P	83500	50261
2006	P	83542	48736
2007	B	83583	36582
2008	P	83625	46245
2009	P	83667	34004
2010	I	83708	79431
2011	B	83750	29843
2012	P	83792	54262
2013	B	83833	32895
2014	P	83875	56101
2015	B	83917	32097
2016	P	83958	58953
2017	B	84000	36798
2018	P	84042	64390
2019	B	84083	55492
2020	P	84125	92395
2021	B	84167	48378
2022	P	84208	91610
2023	B	84250	58231
2024	P	84292	74259
2025	I	84333	92038
2026	B	84375	11760
2027	B	84417	9532
2028	P	84458	22564
2029	B	84500	12532
2030	B	84542	7029
2031	P	84583	38936
2032	B	84625	20533
2033	P	84667	32620
2034	I	84708	59620
2035	B	84750	14896
2036	P	84792	27672
2037	B	84833	20303
2038	P	84875	36248
2039	B	84917	24337
2040	P	84958	43537
2041	B	85000	17492
2042	P	85042	42392
2043	B	85083	15150
2044	P	85125	36838
2045	B	85167	18850
2046	P	85208	33510
2047	P	85250	18732
2048	I	85292	49965
2049	P	85333	54228
2050	B	85375	19459
2051	P	85417	32725
2052	P	85458	29864
2053	P	85500	29735
2054	I	85542	107759
2055	B	85583	28944
2056	B	85625	28724
2057	P	85667	52443
2058	P	85708	46947
2059	P	85750	47020
2060	P	85792	51959
2061	I	85833	104568
2062	P	85875	95183
2063	P	85917	83555
2064	P	85958	93652
2065	P	86000	85713
2066	P	86042	79899
2067	P	86083	65779
2068	P	86125	71366
2069	P	86167	79283
2070	P	86208	60688
2071	P	86250	55809
2072	P	86292	52865
2073	I	86333	94864
2074	B	86375	17267
2075	B	86417	40147
2076	B	86458	19224
2077	P	86500	74862
2078	B	86542	21198
2079	B	86583	46022
2080	B	86625	17830
2081	P	86667	58405
2082	I	86708	108570
2083	B	86750	15202
2084	B	86792	30776
2085	B	86833	14281
2086	P	86875	68167
2087	B	86917	17922
2088	B	86958	21026
2089	P	87000	76949
2090	B	87042	21286
2091	B	87083	23687
2092	P	87125	82411
2093	B	87167	23069
2094	P	87208	70569
2095	B	87250	32726
2096	B	87292	27844
2097	P	87333	39408
2098	P	87375	61116
2099	P	87417	62545
2100	P	87458	53227
2101	P	87500	56489
2102	P	87542	61880
2103	P	87583	44519
2104	I	87625	85136
2105	P	87667	45702
2106	P	87708	69648
2107	P	87750	49272
2108	P	87792	59355
2109	P	87833	53866
2110	P	87875	52947
2111	P	87917	52707
2112	P	87958	57272
2113	P	88000	55237
2114	I	88042	66071
2115	P	88083	62687
2116	I	88125	66572
2117	P	88167	58919
2118	P	88208	68051
2119	P	88250	59290
2120	I	88292	88628
2121	B	88333	2846
2122	B	88375	10132
2123	B	88417	4819
2124	P	88458	28292
2125	B	88500	6590
2126	B	88542	11162
2127	B	88583	6114
2128	P	88625	25833
2129	P	88667	52336
2130	P	88708	46956
2131	P	88750	70959
2132	P	88792	72043
2133	P	88833	61285
2134	P	88875	68329
2135	I	88917	70798
2136	P	88958	59235
2137	P	89000	53164
2138	P	89042	48097
2139	P	89083	57352
2140	P	89125	66327
2141	P	89167	55804
2142	P	89208	57618
2143	P	89250	56894
2144	P	89292	57848
2145	P	89333	56040
2146	I	89375	25945
2147	P	89417	7053
2148	P	89458	27994
2149	P	89500	35618
2150	P	89542	18333
2151	I	89583	45063
2152	P	89625	17853
2153	P	89667	24305
2154	P	89708	16020
2155	P	89750	11904
2156	I	89792	20376
2157	P	89833	17552
2158	B	89875	19028
2159	P	89917	21150
2160	P	89958	26560
2161	P	90000	20212
2162	P	90042	18406
2163	P	90083	20495
2164	P	90125	20269
2165	I	90167	35216
2166	P	90208	30003
2167	P	90250	27904
2168	P	90292	26543
2169	P	90333	32177
2170	P	90375	45999
2171	I	90417	47802
2172	P	90458	32781
2173	P	90500	41589
2174	I	90542	64498
2175	P	90583	53753
2176	P	90625	42871
2177	P	90667	51977
2178	P	90708	60465
2179	P	90750	58835
2180	P	90792	45429
2181	I	90833	36501
2182	P	90875	36838
2183	P	90917	30500
2184	P	90958	31121
2185	P	91000	30641
2186	I	91042	77253
2187	P	91083	63643
2188	P	91125	60592
2189	P	91167	56133
2190	I	91208	92663
2191	P	91250	74208
2192	P	91292	66881
2193	I	91333	72384
2194	P	91375	73810
2195	P	91417	68681
2196	P	91458	93231
2197	P	91500	81608
2198	I	91542	82424
2199	P	91583	67870
2200	P	91625	62531
2201	P	91667	86598
2202	P	91708	59032
2203	P	91750	63576
2204	P	91792	56291
2205	P	91833	59094
2206	P	91875	69186
2207	I	91917	89014
2208	P	91958	60393
2209	P	92000	82805
2210	P	92042	65158
2211	P	92083	70316
2212	P	92125	84808
2213	P	92167	70440
2214	B	92208	160
2215	B	92250	160
2216	B	92292	31
2217	P	92333	39
2218	B	92375	31
2219	B	92417	32
2220	B	92458	31
2221	P	92500	35
2222	B	92542	31
2223	B	92583	31
2224	P	92625	35
2225	I	92667	194
2226	B	92708	31
2227	B	92750	31
2228	B	92792	31
2229	P	92833	32
2230	B	92875	31
2231	B	92917	32
2232	B	92958	31
2233	P	93000	35
2234	B	93042	31
2235	B	93083	130
2236	P	93125	931
2237	P	93167	10950
2238	P	93208	20552
2239	I	93250	36016
2240	P	93292	35087
2241	P	93333	52238
2242	P	93375	53678
2243	P	93417	69380
2244	P	93458	81830
2245	B	93500	60503
2246	P	93542	99844
2247	P	93583	94513
2248	B	93625	35171
2249	B	93667	65156
2250	B	93708	45473
2251	P	93750	91400
2252	B	93792	47516
2253	B	93833	67168
2254	B	93875	35492
2255	P	93917	87609
2256	P	93958	65255
2257	I	94000	130699
2258	B	94042	39566
2259	B	94083	59631
2260	B	94125	28470
2261	P	94167	84224
2262	B	94208	51758
2263	B	94250	58223
2264	P	94292	75447
2265	I	94333	77156
2266	B	94375	21363
2267	P	94417	41443
2268	B	94458	22704
2269	P	94500	46554
2270	B	94542	25548
2271	P	94583	49422
2272	B	94625	51724
2273	P	94667	75259
2274	B	94708	41173
2275	P	94750	76089
2276	B	94792	50362
2277	P	94833	71691
2278	B	94875	33495
2279	P	94917	61514
2280	B	94958	34846
2281	P	95000	62679
2282	B	95042	32999
2283	P	95083	59984
2284	B	95125	31055
2285	P	95167	59865
2286	B	95208	40468
2287	P	95250	59842
2288	P	95292	60483
2289	I	95333	103410
2290	B	95375	39602
2291	P	95417	60565
2292	B	95458	45741
2293	P	95500	80895
2294	P	95542	49308
2295	B	95583	28925
2296	B	95625	21972
2297	P	95667	53176
2298	B	95708	20012
2299	P	95750	48080
2300	P	95792	47929
2301	B	95833	40812
2302	P	95875	74556
2303	P	95917	55974
2304	P	95958	35990
2305	P	96000	68971
2306	B	96042	39074
2307	P	96083	77701
2308	P	96125	54796
2309	B	96167	36749
2310	P	96208	78633
2311	P	96250	57349
2312	B	96292	23435
2313	P	96333	53942
2314	B	96375	23810
2315	P	96417	57561
2316	P	96458	63831
2317	B	96500	36071
2318	P	96542	79407
2319	B	96583	37022
2320	P	96625	80945
2321	I	96667	101224
2322	P	96708	55029
2323	P	96750	48195
2324	B	96792	21440
2325	P	96833	58081
2326	B	96875	29145
2327	P	96917	83526
2328	B	96958	28713
2329	P	97000	64900
2330	B	97042	22250
2331	P	97083	67192
2332	B	97125	26576
2333	B	97167	31391
2334	P	97208	82358
2335	B	97250	35105
2336	P	97292	82648
2337	B	97333	44652
2338	P	97375	80592
2339	B	97417	43081
2340	P	97458	78950
2341	B	97500	38595
2342	B	97542	36004
2343	P	97583	74959
2344	B	97625	16118
2345	P	97667	57824
2346	B	97708	28936
2347	P	97750	62681
2348	B	97792	25682
2349	P	97833	63224
2350	B	97875	23848
2351	P	97917	60765
2352	P	97958	50608
2353	I	98000	114018
2354	B	98042	15352
2355	P	98083	42702
2356	B	98125	14245
2357	P	98167	59533
2358	B	98208	26776
2359	P	98250	78341
2360	B	98292	30227
2361	P	98333	77737
2362	B	98375	31526
2363	P	98417	80297
2364	B	98458	21959
2365	P	98500	63288
2366	B	98542	20347
2367	B	98583	34275
2368	P	98625	83716
2369	B	98667	35448
2370	P	98708	68525
2371	B	98750	32606
2372	B	98792	41350
2373	P	98833	68091
2374	I	98875	84861
2375	B	98917	19589
2376	B	98958	27180
2377	P	99000	77299
2378	B	99042	26269
2379	B	99083	36308
2380	P	99125	66309
2381	B	99167	37767
2382	P	99208	72931
2383	B	99250	12286
2384	P	99292	43862
2385	B	99333	12867
2386	P	99375	76461
2387	B	99417	16939
2388	P	99458	49857
2389	B	99500	34560
2390	P	99542	80413
2391	B	99583	30031
2392	P	99625	57501
2393	B	99667	126
2394	B	99708	125
2395	B	99750	31
2396	P	99792	39
2397	B	99833	31
2398	B	99875	32
2399	B	99917	31
2400	P	99958	35
2401	B	100000	31
2402	B	100042	32
2403	B	100083	31
2404	P	100125	35
2405	P	100167	35
2406	I	100208	194
2407	B	100250	31
2408	B	100292	66
2409	P	100333	75
2410	I	100375	80623
2411	B	100417	31819
2412	P	100458	57223
2413	B	100500	39464
2414	P	100542	66238
2415	P	100583	56282
2416	P	100625	73018
2417	B	100667	47440
2418	P	100708	77440
2419	B	100750	29665
2420	P	100792	68560
2421	B	100833	29809
2422	P	100875	69136
2423	B	100917	31291
2424	P	100958	68573
2425	B	101000	31972
2426	P	101042	68127
2427	B	101083	29284
2428	P	101125	70064
2429	B	101167	31367
2430	P	101208	66136
2431	B	101250	32510
2432	P	101292	56296
2433	I	101333	75569
2434	B	101375	34500
2435	P	101417	52324
2436	B	101458	22889
2437	P	101500	56261
2438	B	101542	53928
2439	P	101583	73161
2440	P	101625	50460
2441	P	101667	37244
2442	I	101708	82128
2443	B	101750	33750
2444	P	101792	65658
2445	B	101833	42360
2446	P	101875	74812
2447	P	101917	62977
2448	B	101958	66936
2449	P	102000	90129
2450	P	102042	63752
2451	P	102083	66377
2452	P	102125	58256
2453	P	102167	52271
2454	P	102208	49624
2455	P	102250	52499
2456	P	102292	53742
2457	P	102333	53077
2458	P	102375	47358
2459	P	102417	45372
2460	P	102458	56609
2461	P	102500	54955
2462	P	102542	64152
2463	P	102583	71103
2464	I	102625	101983
2465	P	102667	80141
2466	P	102708	72722
2467	P	102750	64793
2468	P	102792	69881
2469	P	102833	53682
2470	P	102875	54719
2471	P	102917	68313
2472	P	102958	52179
2473	P	103000	45536
2474	P	103042	65804
2475	P	103083	35824
2476	I	103125	17515
2477	P	103167	4073
2478	B	103208	4889
2479	B	103250	4988
2480	B	103292	5177
2481	P	103333	6803
2482	P	103375	7494
2483	P	103417	12394
2484	P	103458	21360
2485	P	103500	35222
2486	P	103542	51233
2487	P	103583	57736
2488	P	103625	70748
2489	P	103667	95686
2490	P	103708	89814
2491	P	103750	77599
2492	P	103792	77565
2493	P	103833	70159
2494	P	103875	70856
2495	I	103917	54367
2496	P	103958	56206
2497	P	104000	61769
2498	P	104042	41355
2499	P	104083	68608
2500	P	104125	58005
2501	P	104167	48053
2502	P	104208	54331
2503	P	104250	45083
2504	P	104292	50039
2505	P	104333	38779
2506	P	104375	36773
2507	I	104417	76618
2508	P	104458	59736
2509	P	104500	71471
2510	P	104542	49789
2511	P	104583	52015
2512	P	104625	55351
2513	P	104667	49602
2514	P	104708	54520
2515	P	104750	60022
2516	P	104792	57407
2517	P	104833	64164
2518	P	104875	64512
2519	P	104917	57732
2520	P	104958	62359
2521	P	105000	63514
2522	P	105042	54800
2523	P	105083	74533
2524	P	105125	59460
2525	P	105167	59776
2526	I	105208	90183
2527	P	105250	63221
2528	P	105292	64580
2529	P	105333	45434
2530	I	105375	30513
2531	P	105417	28180
2532	P	105458	35618
2533	P	105500	42024
2534	P	105542	33693
2535	P	105583	40646
2536	P	105625	38422
2537	P	105667	32241
2538	P	105708	24058
2539	P	105750	25533
2540	P	105792	29168
2541	I	105833	13196
2542	B	105875	1031
2543	B	105917	2537
2544	B	105958	829
2545	P	106000	4867
2546	B	106042	1341
2547	B	106083	2682
2548	B	106125	1104
2549	P	106167	6259
2550	B	106208	1973
2551	B	106250	3534
2552	B	106292	2230
2553	P	106333	6846
2554	B	106375	2149
2555	B	106417	3635
2556	B	106458	1897
2557	P	106500	5769
2558	I	106542	16760
2559	B	106583	2172
2560	B	106625	3292
2561	B	106667	4139
2562	P	106708	14519
2563	B	106750	2236
2564	B	106792	4038
2565	B	106833	2420
2566	P	106875	7856
2567	B	106917	2331
2568	B	106958	4040
2569	B	107000	2105
2570	P	107042	6712
2571	B	107083	2079
2572	B	107125	3452
2573	B	107167	1643
2574	P	107208	4926
2575	B	107250	2018
2576	P	107292	2222
2577	I	107333	163334
2578	P	107375	94716
2579	P	107417	85653
2580	P	107458	103867
2581	P	107500	93372
2582	P	107542	109791
2583	P	107583	92347
2584	P	107625	103019
2585	P	107667	92251
2586	P	107708	82197
2587	P	107750	60828
2588	P	107792	68485
2589	P	107833	79529
2590	P	107875	54323
2591	P	107917	72036
2592	P	107958	48887
2593	P	108000	56523
2594	P	108042	65100
2595	P	108083	83577
2596	P	108125	67786
2597	P	108167	70878
2598	P	108208	64936
2599	P	108250	60296
2600	P	108292	66143
2601	P	108333	77305
2602	I	108375	106633
2603	B	108417	13340
2604	P	108458	37431
2605	P	108500	44844
2606	P	108542	60799
2607	P	108583	57067
2608	P	108625	47476
2609	P	108667	47336
2610	P	108708	41817
2611	P	108750	41186
2612	P	108792	39277
2613	P	108833	36716
2614	P	108875	31297
2615	P	108917	26969
2616	I	108958	32296
2617	P	109000	26865
2618	P	109042	23747
2619	B	109083	20544
2620	P	109125	23547
2621	P	109167	23531
2622	P	109208	20769
2623	I	109250	59032
2624	P	109292	21757
2625	B	109333	14592
2626	P	109375	15857
2627	P	109417	55997
2628	P	109458	54490
2629	P	109500	51750
2630	P	109542	18807
2631	P	109583	51344
2632	P	109625	22096
2633	P	109667	16845
2634	I	109708	65396
2635	P	109750	53591
2636	P	109792	48429
2637	I	109833	20947
2638	B	109875	11779
2639	P	109917	12906
2640	P	109958	26766
2641	P	110000	43611
2642	P	110042	62849
2643	P	110083	64007
2644	P	110125	58016
2645	P	110167	53798
2646	P	110208	55616
2647	P	110250	57395
2648	P	110292	53942
2649	P	110333	53554
2650	P	110375	52674
2651	P	110417	54904
2652	P	110458	54035
2653	P	110500	53539
2654	I	110542	55293
2655	P	110583	48937
2656	P	110625	70452
2657	I	110667	77330
2658	P	110708	75412
2659	I	110750	86282
2660	P	110792	77780
2661	P	110833	54345
2662	P	110875	63936
2663	P	110917	49889
2664	P	110958	52272
2665	P	111000	51351
2666	P	111042	55907
2667	P	111083	58698
2668	P	111125	67543
2669	P	111167	61593
2670	P	111208	49584
2671	P	111250	52602
2672	P	111292	61773
2673	I	111333	68103
2674	P	111375	46194
2675	P	111417	49594
2676	P	111458	49472
2677	P	111500	49101
2678	P	111542	50545
2679	P	111583	45301
2680	P	111625	59451
2681	P	111667	50322
2682	P	111708	56784
2683	P	111750	27997
2684	P	111792	43063
2685	P	111833	43498
2686	I	111875	72554
2687	P	111917	45464
2688	P	111958	40490
2689	P	112000	56312
2690	P	112042	51506
2691	P	112083	52424
2692	P	112125	47330
2693	P	112167	46884
2694	P	112208	49634
2695	I	112250	83521
2696	B	112292	7948
2697	P	112333	19729
2698	B	112375	9283
2699	P	112417	36192
2700	B	112458	15340
2701	P	112500	47162
2702	B	112542	17735
2703	P	112583	50032
2704	B	112625	24269
2705	P	112667	58769
2706	P	112708	42080
2707	P	112750	42226
2708	P	112792	38113
2709	I	112833	115523
2710	B	112875	10485
2711	B	112917	25620
2712	B	112958	10842
2713	P	113000	61132
2714	B	113042	14428
2715	B	113083	35295
2716	B	113125	17755
2717	P	113167	78165
2718	B	113208	20948
2719	B	113250	33969
2720	B	113292	18763
2721	P	113333	50795
2722	I	113375	24384
2723	P	113417	20132
2724	P	113458	29712
2725	P	113500	31117
2726	P	113542	30731
2727	P	113583	32690
2728	P	113625	29201
2729	P	113667	29246
2730	P	113708	36805
2731	P	113750	35352
2732	P	113792	37209
2733	P	113833	27624
2734	I	113875	82858
2735	B	113917	52696
2736	P	113958	72412
2737	P	114000	53952
2738	P	114042	66731
2739	P	114083	60752
2740	P	114125	59972
2741	P	114167	60838
2742	P	114208	60869
2743	P	114250	62440
2744	P	114292	63277
2745	P	114333	72767
2746	P	114375	60321
2747	I	114417	169931
2748	B	114458	16432
2749	B	114500	44529
2750	B	114542	24128
2751	P	114583	107736
2752	B	114625	23316
2753	B	114667	59770
2754	B	114708	15552
2755	P	114750	83263
2756	I	114792	86464
2757	P	114833	86166
2758	P	114875	84056
2759	B	114917	36760
2760	P	114958	74936
2761	P	115000	69096
2762	P	115042	51341
2763	I	115083	40892
2764	P	115125	42779
2765	P	115167	38801
2766	P	115208	49448
2767	P	115250	40879
2768	P	115292	48945
2769	P	115333	35480
2770	P	115375	46938
2771	I	115417	70617
2772	P	115458	31328
2773	P	115500	28112
2774	P	115542	36391
2775	P	115583	54126
2776	P	115625	63352
2777	B	115667	23853
2778	P	115708	48517
2779	P	115750	29224
2780	I	115792	41711
2781	P	115833	37606
2782	P	115875	42510
2783	P	115917	44632
2784	P	115958	40017
2785	P	116000	40367
2786	I	116042	49608
2787	P	116083	46329
2788	P	116125	70284
2789	P	116167	64716
2790	P	116208	61518
2791	P	116250	58616
2792	P	116292	57757
2793	P	116333	54814
2794	P	116375	52466
2795	P	116417	52852
2796	P	116458	47617
2797	P	116500	47476
2798	P	116542	47083
2799	P	116583	48736
2800	P	116625	37430
2801	P	116667	21882
2802	I	116708	21469
2803	P	116750	16482
2804	P	116792	12592
2805	B	116833	52
2806	B	116875	51
2807	B	116917	31
2808	P	116958	39
2809	B	117000	31
2810	B	117042	32
2811	B	117083	31
2812	P	117125	35
2813	B	117167	31
2814	B	117208	32
2815	B	117250	31
2816	P	117292	35
2817	B	117333	31
2818	B	117375	32
2819	B	117417	31
2820	P	117458	35
2821	B	117500	31
2822	B	117542	32
2823	B	117583	31
2824	P	117625	35
2825	B	117667	31
2826	B	117708	32
2827	B	117750	31
2828	P	117792	35
2829	B	117833	31
2830	B	117875	32
2831	B	117917	31
2832	P	117958	35
2833	P	118000	35
2834	I	118042	194
2835	B	118083	31
2836	B	118125	31
2837	B	118167	31
2838	P	118208	32
2839	B	118250	31
2840	B	118292	32
2841	B	118333	31
2842	P	118375	35
2843	I	118417	99068
2844	P	118458	93123
2845	P	118500	85152
2846	P	118542	74105
2847	P	118583	69004
2848	P	118625	73845
2849	P	118667	92466
2850	P	118708	89284
2851	P	118750	98046
2852	P	118792	105098
2853	P	118833	87011
2854	P	118875	82087
2855	P	118917	86243
2856	P	118958	84616
2857	P	119000	76456
2858	P	119042	83896
2859	P	119083	76127
2860	P	119125	77106
2861	I	119167	93860
2862	P	119208	72120
2863	P	119250	76102
2864	P	119292	58761
2865	I	119333	54208
2866	P	119375	41872
2867	P	119417	48278
2868	P	119458	30043
2869	P	119500	44476
2870	P	119542	50619
2871	P	119583	46679
2872	P	119625	44366
2873	P	119667	43022
2874	P	119708	39327
2875	P	119750	37872
2876	P	119792	39015
2877	P	119833	42671
2878	P	119875	46609
2879	P	119917	48456
2880	P	119958	50378
2881	P	120000	49716
2882	P	120042	51892
2883	P	120083	45742
2884	P	120125	44467
2885	P	120167	55177
2886	P	120208	38148
2887	P	120250	50469
2888	P	120292	53717
2889	P	120333	51493
2890	P	120375	40030
2891	P	120417	46552
2892	I	120458	66949
2893	P	120500	60876
2894	P	120542	53880
2895	P	120583	61889
2896	P	120625	53177
2897	P	120667	52314
2898	P	120708	54538
2899	P	120750	46294
2900	P	120792	63035
2901	P	120833	59884
2902	B	120875	43773
2903	P	120917	56305
2904	B	120958	146
2905	B	121000	123
2906	B	121042	31
2907	P	121083	75
2908	B	121125	31
2909	B	121167	48
2910	B	121208	31
2911	P	121250	42
2912	I	121292	131242
2913	P	121333	108695
2914	P	121375	98193
2915	I	121417	92326
2916	B	121458	28244
2917	P	121500	45490
2918	P	121542	58537
2919	P	121583	58624
2920	P	121625	63462
2921	P	121667	64703
2922	B	121708	19862
2923	P	121750	41853
2924	P	121792	66058
2925	P	121833	64619
2926	B	121875	38151
2927	P	121917	69088
2928	B	121958	42974
2929	P	122000	89203
2930	P	122042	62248
2931	P	122083	59682
2932	B	122125	26040
2933	P	122167	67363
2934	B	122208	28704
2935	P	122250	63043
2936	B	122292	22898
2937	P	122333	58375
2938	B	122375	28417
2939	P	122417	68504
2940	B	122458	35832
2941	P	122500	61750
2942	B	122542	29128
2943	P	122583	53633
2944	I	122625	128176
2945	P	122667	68226
2946	B	122708	18419
2947	P	122750	45080
2948	B	122792	19762
2949	P	122833	56969
2950	B	122875	17903
2951	P	122917	49785
2952	B	122958	18520
2953	P	123000	55739
2954	B	123042	85
2955	B	123083	82
2956	B	123125	31
2957	P	123167	39
2958	B	123208	31
2959	B	123250	32
2960	B	123292	31
2961	P	123333	35
2962	B	123375	31
2963	B	123417	32
2964	B	123458	31
2965	P	123500	35
2966	B	123542	31
2967	B	123583	32
2968	B	123625	31
2969	P	123667	35
2970	B	123708	31
2971	B	123750	32
2972	B	123792	31
2973	P	123833	35
2974	B	123875	31
2975	P	123917	35
2976	I	123958	202
2977	P	124000	32
2978	P	124042	42511
2979	B	124083	8571
2980	B	124125	16065
2981	B	124167	12676
2982	P	124208	23244
2983	B	124250	13472
2984	B	124292	17881
2985	B	124333	12568
2986	P	124375	27141
2987	B	124417	14390
2988	B	124458	22076
2989	B	124500	15733
2990	P	124542	32598
2991	B	124583	16605
2992	B	124625	21547
2993	B	124667	17944
2994	P	124708	32208
2995	B	124750	17998
2996	B	124792	24248
2997	B	124833	17492
2998	P	124875	36204
2999	B	124917	19263
3000	B	124958	29276
3001	B	125000	20262
3002	P	125042	41464
3003	B	125083	19228
3004	P	125125	33901
3005	B	125167	20562
3006	P	125208	35147
3007	P	125250	28446
3008	I	125292	68286
3009	B	125333	24043
3010	B	125375	33666
3011	B	125417	26104
3012	P	125458	49080
3013	B	125500	24499
3014	P	125542	42993
3015	B	125583	23409
3016	B	125625	13466
3017	P	125667	42005
3018	B	125708	27687
3019	P	125750	47534
3020	B	125792	26031
3021	P	125833	45971
3022	B	125875	28785
3023	P	125917	46754
3024	B	125958	25256
3025	B	126000	18331
3026	P	126042	46180
3027	B	126083	29613
3028	P	126125	48323
3029	B	126167	28065
3030	B	126208	38530
3031	P	126250	53049
3032	B	126292	28935
3033	B	126333	37726
3034	B	126375	25936
3035	P	126417	53867
3036	B	126458	27534
3037	B	126500	36430
3038	B	126542	26280
3039	P	126583	54940
3040	I	126625	95575
3041	B	126667	25933
3042	B	126708	32485
3043	B	126750	22388
3044	P	126792	49549
3045	B	126833	23217
3046	B	126875	30845
3047	B	126917	20528
3048	P	126958	42872
3049	B	127000	22444
3050	B	127042	32467
3051	B	127083	21859
3052	P	127125	43830
3053	P	127167	19129
3054	I	127208	7347
3055	B	127250	1673
3056	B	127292	3243
3057	B	127333	2586
3058	P	127375	5781
3059	B	127417	2812
3060	B	127458	3735
3061	B	127500	1846
3062	P	127542	6551
3063	B	127583	1889
3064	B	127625	3727
3065	B	127667	2285
3066	P	127708	6685
3067	B	127750	1933
3068	B	127792	3361
3069	B	127833	2125
3070	P	127875	6236
3071	P	127917	3072
3072	I	127958	13462
3073	B	128000	3516
3074	B	128042	6322
3075	P	128083	11223
3076	B	128125	2902
3077	B	128167	4027
3078	B	128208	2144
3079	P	128250	7325
3080	B	128292	2370
3081	B	128333	3913
3082	B	128375	2815
3083	P	128417	7479
3084	B	128458	2214
3085	B	128500	4751
3086	B	128542	2282
3087	P	128583	7450
3088	B	128625	2853
3089	B	128667	3847
3090	B	128708	2160
3091	P	128750	7224
3092	B	128792	2104
3093	B	128833	3771
3094	B	128875	2611
3095	P	128917	6627
3096	B	128958	2178
3097	B	129000	3826
3098	B	129042	2258
3099	P	129083	6030
3100	P	129125	2833
3101	I	129167	15111
3102	B	129208	2064
3103	B	129250	4140
3104	B	129292	2611
3105	P	129333	8585
3106	B	129375	2682
3107	B	129417	3932
3108	B	129458	1720
3109	P	129500	8009
3110	B	129542	1830
3111	B	129583	3742
3112	B	129625	2629
3113	P	129667	8145
3114	B	129708	1950
3115	B	129750	4838
3116	B	129792	1930
3117	P	129833	8490
3118	B	129875	2608
3119	B	129917	3827
3120	B	129958	1863
3121	P	130000	8377
3122	B	130042	1997
3123	B	130083	3757
3124	B	130125	2465
3125	P	130167	8188
3126	B	130208	2193
3127	B	130250	4614
3128	B	130292	1840
3129	P	130333	8481
3130	B	130375	2453
3131	B	130417	4105
3132	P	130458	4974
3133	I	130500	19191
3134	B	130542	1818
3135	B	130583	4044
3136	B	130625	2193
3137	P	130667	5952
3138	P	130708	2330
3139	I	130750	95260
3140	B	130792	2000
3141	B	130833	2629
3142	B	130875	964
3143	P	130917	10316
3144	B	130958	432
3145	B	131000	1087
3146	B	131042	391
3147	P	131083	4193
3148	B	131125	275
3149	B	131167	757
3150	B	131208	267
3151	P	131250	3382
3152	B	131292	1383
3153	B	131333	2331
3154	B	131375	813
3155	P	131417	7523
3156	B	131458	607
3157	B	131500	1197
3158	B	131542	499
3159	P	131583	4008
3160	B	131625	321
3161	B	131667	867
3162	B	131708	352
3163	P	131750	3168
3164	P	131792	377
3165	I	131833	98128
3166	B	131875	823
3167	B	131917	1473
3168	B	131958	641
3169	P	132000	4512
3170	B	132042	460
3171	B	132083	1695
3172	B	132125	1249
3173	P	132167	1588
3174	B	132208	407
3175	B	132250	407
3176	B	132292	31
3177	P	132333	158
3178	B	132375	31
3179	B	132417	32
3180	B	132458	31
3181	P	132500	35
3182	P	132542	35
